1.306286
1.306728
1.306324
1.304299
1.305157
1.306115
1.306348
1.306047
1.306584
1.305829
1.306232
1.306133
1.306223
1.306081
1.306056
1.305588
1.306215
1.306434
1.306608
1.306705
1.305990
1.306252
1.306095
1.306135
1.305482
1.304814
1.301012
1.302640
1.298679
1.300027
1.302411
1.301500
1.295083
1.295231
1.295333
1.290061
1.292049
1.297965
1.296408
1.297513
1.294586
1.291178
1.292148
1.293034
1.292264
1.287354
1.283053
1.285851
1.295615
1.299567
1.299674
1.295776
1.294744
1.296951
1.301992
1.303899
1.298908
1.300570
1.301266
1.298172
1.297350
1.296399
1.299836
1.301294
1.298413
1.298771
1.296467
1.296303
1.300793
1.303103
1.300918
1.302393
1.300221
1.297817
1.300127
1.307707
1.309047
1.307111
1.304153
1.312055
1.303126
1.303205
1.302137
1.308514
1.308112
1.308366
1.309031
1.308753
1.308465
1.308298
1.308476
1.308654
1.308606
1.307873
1.307772
1.307978
1.308035
1.308339
1.307986
1.307923
1.309358
1.309426
1.309419
1.309231
1.309406
1.308777
1.308770
1.309122
1.308628
1.308108
1.307728
1.308312
1.308542
1.308822
1.307887
1.305905
1.308448
1.307747
1.306751
1.308513
1.308965
1.308489
1.307774
1.307950
1.307759
1.307534
1.307934
1.308796
1.308289
1.307182
1.306111
1.306105
1.303669
1.302445
1.300065
1.293972
1.295943
1.288318
1.294384
1.300471
1.317724
1.302469
1.307913
1.326671
1.330480
1.330615
1.316497
1.306449
1.312561
1.305370
1.284496
1.280890
1.299275
1.303788
1.316979
1.317962
1.310199
1.314560
1.307532
1.308539
1.308021
1.305502
1.306383
1.312497
1.311705
1.307802
1.306644
1.309249
1.307593
1.300901
1.301490
1.302617
1.302890
1.307317
1.295638
1.295512
1.303639
1.293940
1.297533
1.301108
1.299857
1.295413
1.299800
1.295314
1.297798
1.300222
1.300873
1.305484
1.309565
1.307754
1.305563
1.305446
1.313606
1.311936
1.315466
1.308839
1.305689
1.313883
1.314871
1.313891
1.314442
1.311564
1.308834
1.305788
1.307577
1.305019
1.301592
1.313272
1.321916
1.312428
1.310049
1.309979
1.316180
1.312669
1.305245
1.301704
1.306401
1.306319
1.303550
1.302427
