1.307925
1.307751
1.307700
1.307538
1.308281
1.309240
1.307134
1.309119
1.307591
1.306542
1.306877
1.305362
1.305124
1.306729
1.308407
1.309086
1.304135
1.297386
1.289698
1.290617
1.286597
1.291615
1.292581
1.294315
1.303397
1.297022
1.295679
1.303710
1.307026
1.307362
1.309526
1.308655
1.307733
1.306616
1.307049
1.297689
1.302132
1.297971
1.295918
1.279268
1.268039
1.261325
1.267501
1.237653
1.229376
1.231168
1.240965
1.214612
1.210496
1.210740
1.207586
1.198729
1.215243
1.210033
1.207242
1.223179
1.242911
1.258421
1.255748
1.261441
1.248062
1.234257
1.235942
1.224113
1.212868
1.213523
1.207859
1.200258
1.209755
1.220621
1.227962
1.233480
1.229199
1.215794
1.223754
1.222490
1.210122
1.208610
1.206864
1.208663
1.202893
1.197175
1.189326
1.199984
1.197799
1.197225
1.194999
1.188906
1.198736
1.207828
1.210583
1.205671
1.216281
1.209168
1.205006
1.201747
1.189185
1.213562
1.210486
1.217817
1.247588
1.233036
1.227808
1.220666
1.304802
1.304320
1.291505
1.290728
1.285947
1.280855
1.275756
1.281037
1.287054
1.295611
1.297288
1.298734
1.295469
1.292330
1.289087
1.294128
1.287500
1.289058
1.294648
1.296611
1.285380
1.280197
1.288978
1.292368
1.295010
1.300190
1.309049
1.316539
1.319897
1.316285
1.310313
1.306067
1.302743
1.300821
1.301619
1.301276
1.305738
1.308014
1.311893
1.312754
1.316329
1.315214
1.319207
1.325215
1.329764
1.324625
1.329435
1.334915
1.338799
1.338365
1.337796
1.340247
1.344719
1.341500
1.337877
1.339071
1.339293
1.340246
1.335490
1.341438
1.337545
1.334351
1.330417
1.323778
1.319391
1.322568
1.325572
1.327953
1.332851
1.335855
1.336310
1.337165
1.337726
1.329397
1.327816
1.333524
1.332904
1.337238
1.343739
1.346441
1.348094
1.353941
1.357053
1.360255
1.360892
1.363095
1.360385
1.362743
1.370827
1.374901
1.371320
1.363757
1.359240
1.361621
1.362780
1.359933
1.354382
1.351139
1.351255
1.348232
1.347369
1.340597
1.340135
1.341280
1.340093
1.345358
1.342490
1.344515
1.341688
1.340503
1.338358
1.338323
1.337977
1.333406
1.328158
1.333854
