1.308161
1.307953
1.308062
1.307981
1.308354
1.308412
1.306502
1.303353
1.297866
1.290926
1.274336
1.276786
1.265888
1.274512
1.295690
1.294036
1.283962
1.289012
1.274784
1.266455
1.247571
1.252590
1.251452
1.252338
1.266446
1.272336
1.271377
1.275767
1.285451
1.286567
1.286657
1.300198
1.287544
1.288309
1.312969
1.305875
1.304344
1.324156
1.339922
1.334907
1.304847
1.297662
1.304583
1.320960
1.340717
1.330735
1.326033
1.328324
1.233069
1.234273
1.304013
1.243148
1.259601
1.255020
1.255358
1.310012
1.309448
1.304234
1.289350
1.279469
1.298121
1.282793
1.272546
1.266303
1.282382
1.263001
1.272927
1.278888
1.284315
1.287757
1.298113
1.289444
1.272061
1.285680
1.282948
1.288344
1.287101
1.286353
1.289627
1.289982
1.281544
1.277143
1.281773
1.275639
1.272610
1.266620
1.269282
1.273052
1.272013
1.279425
1.277882
1.281808
1.282383
1.277347
1.278208
1.270814
1.284537
1.286357
1.283659
1.281916
1.282226
1.285933
1.285257
1.284127
1.292433
1.287834
1.277595
1.275514
1.280199
1.285695
1.284107
1.293470
1.293694
1.295454
1.288091
1.285625
1.288279
1.293284
1.292691
1.289701
1.286671
1.287287
1.289225
1.288953
1.289224
1.290447
1.296285
1.296902
1.297413
1.296129
1.297367
1.297784
1.299272
1.301620
1.301731
1.295367
1.297375
1.300475
1.300271
1.298499
1.303897
1.301678
1.297533
1.294769
1.293433
1.290545
1.288081
1.287882
1.284201
1.280990
1.281041
1.285012
1.287807
1.285167
1.284847
1.283183
1.281030
1.281111
1.282582
1.280100
1.272675
1.273892
1.273082
1.280135
1.288573
