1.308184
1.307771
1.307620
1.307742
1.311799
1.325331
1.312769
1.313326
1.313604
1.310475
1.309040
1.306153
1.305670
1.310142
1.314338
1.321502
1.334264
1.340857
1.371419
1.350752
1.333759
1.319442
1.325513
1.324489
1.344470
1.328230
1.322032
1.327305
1.344500
1.337608
1.355614
1.354368
1.339285
1.336256
1.347427
1.339976
1.340872
1.340725
1.348718
1.346342
1.334331
1.330213
1.334857
1.331546
1.338429
1.328375
1.340962
1.352332
1.358309
1.354262
1.357025
1.362811
1.379619
1.378047
1.373367
1.369471
1.371165
1.377162
1.390889
1.394395
1.386582
1.394661
1.396096
1.389223
1.384226
1.382198
1.382035
1.376238
1.375747
1.377836
1.382575
1.380884
1.381418
1.372825
1.363415
1.359366
1.361533
1.362339
1.361066
1.372521
1.379591
1.383115
1.383699
1.384970
1.398507
1.398104
1.398685
1.394295
1.394068
1.394624
1.394331
1.388966
1.381339
1.386797
1.391380
1.389797
1.388377
1.377351
1.376857
1.375289
1.364082
1.361355
1.366029
1.361693
1.361408
1.362271
1.357678
1.350566
1.354837
1.362837
1.363281
1.368769
1.375775
1.375555
1.387908
1.386629
1.385773
1.389673
1.389820
1.393095
1.383813
1.380081
1.387698
1.391330
1.388331
1.383854
1.386623
1.384659
1.381071
1.384430
1.387160
1.381786
1.379938
1.381673
1.382553
1.385880
1.379350
1.376907
1.376842
1.383675
1.377155
1.375941
1.374962
1.375841
1.374946
1.378691
1.375688
1.373644
1.377128
1.366234
1.353593
1.349444
1.344551
1.342765
1.346214
1.345511
1.344254
1.338414
1.330791
1.340542
1.342213
1.350567
1.353872
1.363631
1.361924
1.365210
1.369395
1.366591
1.364884
1.358922
1.355036
1.356229
1.352421
1.352561
1.350744
1.353917
1.350833
1.348893
1.350535
1.344683
1.344009
1.337427
1.338640
1.340999
1.344138
1.346833
1.357750
1.357887
1.359948
1.362458
1.363287
1.369170
1.368467
1.372463
1.363902
1.360044
1.362866
1.360817
1.353423
1.354717
1.356654
1.350353
1.350621
1.347118
1.359306
1.360554
1.362715
1.363553
1.370580
1.387739
1.390154
1.388217
1.375785
1.367220
1.358295
1.358183
1.355919
1.372268
1.378825
1.385069
