1.306304
1.306738
1.306321
1.304242
1.305261
1.304617
1.303051
1.304295
1.302442
1.301265
1.299771
1.302237
1.302028
1.302213
1.302103
1.300094
1.301348
1.301906
1.303214
1.302980
1.303573
1.303472
1.304017
1.305262
1.304856
1.303643
1.304129
1.305975
1.306679
1.304771
1.306032
1.304981
1.304204
1.281888
1.253225
1.265630
1.291199
1.288392
1.289687
1.292151
1.287820
1.295130
1.295947
1.296915
1.299505
1.291606
1.284181
1.289623
1.293129
1.290141
1.292898
1.298110
1.296431
1.295389
1.290074
1.297615
1.299788
1.297594
1.299000
1.292413
1.271037
1.258381
1.241449
1.211824
1.262214
1.268646
1.277007
1.286032
1.273143
1.263398
1.242400
1.226052
1.226000
1.250975
1.275852
1.253912
1.269419
1.271656
1.260641
1.227141
1.230963
1.201936
1.207155
1.205148
1.195412
1.186108
1.192696
1.217656
1.222873
1.218805
1.234858
1.199776
1.205917
1.231821
1.256583
1.267553
1.271055
1.272821
1.270494
1.263818
1.264843
1.268767
1.265138
1.266239
1.272447
1.268702
1.279859
1.281832
1.283864
1.275351
1.269526
1.279660
1.281634
1.279895
1.283156
1.290412
1.295434
1.298211
1.305917
1.308158
1.305939
1.313230
1.325041
1.333233
1.348974
1.361350
1.363717
1.350595
1.358600
1.363850
1.360464
1.352250
1.352109
1.358324
1.362512
1.359054
1.355647
1.341915
1.328811
1.343256
1.353878
1.351110
1.345738
1.348379
1.333843
1.332635
1.338242
1.347404
1.342230
1.338051
1.326267
1.321678
1.323182
1.322446
1.320132
1.302185
1.295606
1.289518
1.277599
1.284003
1.277856
1.280484
1.294663
1.301128
1.307604
1.308548
1.297119
1.274000
1.272238
1.262381
1.246794
1.231343
1.230435
1.247484
1.258506
1.257026
1.255026
1.255442
1.266603
1.268830
1.275424
1.277463
1.286489
1.290625
1.294803
1.296010
1.313388
1.314853
1.318694
1.312477
1.315613
1.307477
1.294213
1.292000
1.282694
1.291337
1.296570
1.311041
1.306285
1.304340
1.310152
1.318814
1.330730
1.327384
1.312884
1.310498
1.322306
1.319039
1.323254
1.330088
1.341433
1.349527
1.353674
1.337261
1.336999
1.329371
1.321203
1.311372
1.311329
1.308820
