1.308418
1.307892
1.307690
1.308129
1.312131
1.332960
1.315612
1.314236
1.315024
1.309814
1.307997
1.307571
1.307505
1.313336
1.340188
1.352869
1.345898
1.327385
1.340689
1.324306
1.303769
1.297746
1.314912
1.321988
1.340618
1.347946
1.338162
1.346661
1.363466
1.358463
1.375111
1.372462
1.357432
1.357479
1.365887
1.365347
1.371420
1.372571
1.378262
1.381088
1.362892
1.346933
1.340957
1.339733
1.352405
1.354442
1.352461
1.366411
1.369616
1.370332
1.367705
1.352660
1.352479
1.336027
1.332124
1.329973
1.322507
1.324267
1.339449
1.342471
1.344399
1.348105
1.348557
1.346936
1.339279
1.344142
1.345160
1.334684
1.333918
1.333109
1.337217
1.337692
1.344072
1.333314
1.322799
1.313200
1.313275
1.313515
1.309390
1.326041
1.337536
1.354029
1.366328
1.342857
1.352010
1.368382
1.358339
1.366069
1.362441
1.358119
1.371628
1.369807
1.362373
1.358579
1.363189
1.358459
1.355160
1.334316
1.338100
1.337482
1.321801
1.327739
1.337128
1.352500
1.347386
1.347968
1.351343
1.346656
1.341026
1.343944
1.350253
1.351048
1.361211
1.364569
1.380713
1.379014
1.373411
1.357296
1.359678
1.355918
1.346801
1.341486
1.343146
1.346570
1.340067
1.338524
1.341227
1.346888
1.350927
1.358233
1.365338
1.366900
1.361800
1.357169
1.352169
1.347124
1.347806
1.349628
1.348998
1.348274
1.345496
1.351872
1.354225
1.357881
1.357971
1.366293
1.367019
1.377555
1.375948
1.367985
1.373331
1.371979
1.376292
1.372688
1.370275
1.367359
1.372931
1.368785
1.362173
1.365755
1.363546
1.368588
1.368747
1.377397
1.374975
1.367859
1.364850
1.354862
1.343397
1.342173
1.344798
1.351949
1.353109
1.355041
1.358531
1.354715
1.349039
1.340775
1.339601
1.343485
1.347735
1.349106
1.351652
1.355415
1.360124
1.364557
1.363433
1.366330
1.360583
1.361888
1.359123
1.358812
1.362022
1.362560
1.357769
1.352435
1.343356
1.346796
1.346452
1.333946
1.324096
1.334385
1.336492
1.334625
1.328937
1.312630
1.317282
1.313821
1.317740
1.322785
1.323909
1.329465
1.329168
1.327095
1.325987
1.327109
1.327860
1.328250
1.330668
1.338746
