1.307972
1.307816
1.307861
1.307685
1.309059
1.310563
1.308186
1.309674
1.308401
1.306891
1.307280
1.305837
1.305293
1.305756
1.307391
1.308298
1.296536
1.287491
1.283523
1.285191
1.265373
1.272353
1.270891
1.272153
1.292288
1.294432
1.293253
1.299921
1.305397
1.303559
1.310061
1.311431
1.310601
1.309045
1.309501
1.307579
1.309988
1.308905
1.308492
1.306115
1.303160
1.303623
1.303864
1.301810
1.302305
1.304922
1.308394
1.312729
1.313905
1.312555
1.312308
1.309176
1.312913
1.308328
1.311331
1.318895
1.322920
1.332420
1.337936
1.340338
1.328236
1.341485
1.352788
1.347086
1.331248
1.323829
1.322641
1.310944
1.309575
1.309955
1.310133
1.314266
1.312936
1.315568
1.315322
1.314276
1.313975
1.315199
1.312278
1.312096
1.314455
1.316262
1.314862
1.310480
1.310715
1.312460
1.318596
1.328035
1.333303
1.325811
1.325523
1.328898
1.329718
1.326928
1.330697
1.329250
1.330899
1.320981
1.323331
1.322596
1.321204
1.324938
1.334443
1.338423
1.337975
1.333955
1.326258
1.325383
1.322732
1.325205
1.326467
1.330438
1.331260
1.337810
1.343341
1.347109
1.342748
1.341625
1.347607
1.350858
1.348177
1.355418
1.351042
1.340564
1.335807
1.339036
1.346932
1.343379
1.344241
1.355554
1.360252
1.364491
1.369503
1.371270
1.376731
1.379528
1.378549
1.372749
1.373044
1.374893
1.374939
1.379027
1.375474
1.385789
1.390127
1.395015
1.394088
1.396437
1.400172
1.392439
1.385866
1.381495
1.372798
1.364384
1.314239
1.313589
1.313889
1.310946
1.310778
1.313848
1.313952
1.315807
1.315563
1.313790
1.313461
1.313801
1.312931
1.319125
1.321774
1.323971
1.330310
1.343835
1.352559
1.355333
1.348278
1.333258
1.329957
1.322746
1.329446
1.331865
1.330842
1.336542
1.346132
1.342932
1.347919
1.347440
1.348587
1.363113
1.396363
1.422022
1.405978
1.401538
1.415635
1.423613
1.410210
1.403096
1.410131
1.426093
1.422730
1.423382
1.430930
1.430252
1.439972
1.438039
1.465640
1.459311
1.464664
1.467084
1.458675
1.459390
1.452943
1.458443
1.451946
1.453669
1.450029
1.446373
1.439200
1.442373
1.444145
1.443307
