1.306298
1.306796
1.306612
1.304940
1.305296
1.304734
1.302474
1.302605
1.300566
1.297037
1.299020
1.299715
1.293876
1.285546
1.285435
1.293599
1.289422
1.302060
1.301181
1.291487
1.283631
1.279618
1.284874
1.282694
1.265873
1.276704
1.302862
1.309136
1.300792
1.297443
1.309592
1.303314
1.309998
1.308782
1.306892
1.308295
1.309851
1.308827
1.310100
1.307829
1.306908
1.311245
1.306643
1.306081
1.310459
1.302639
1.306163
1.307840
1.348923
1.335639
1.334487
1.331160
1.338221
1.330469
1.351209
1.332043
1.329670
1.311434
1.318119
1.309127
1.299086
1.291093
1.295614
1.328397
1.293295
1.295632
1.291662
1.297862
1.297335
1.303488
1.301111
1.301963
1.296132
1.323253
1.307092
1.297832
1.300346
1.310527
1.310451
1.314729
1.312044
1.307909
1.298287
1.298673
1.312634
1.313574
1.291276
1.290882
1.298879
1.293457
1.287264
1.294820
1.307705
1.311551
1.305922
1.301173
1.301011
1.292912
1.289966
1.311349
1.319990
1.331407
1.329725
1.326793
1.336793
1.350094
1.338653
1.341747
1.341237
1.334970
1.336965
1.328922
1.341030
1.339081
1.338554
1.351026
1.351053
1.334511
1.333604
1.332391
1.333177
1.334440
1.342580
1.349489
1.345032
1.337453
1.345563
1.355827
1.351122
1.350836
1.351485
1.347711
1.348732
1.349394
1.344650
1.339424
1.338373
1.338476
1.341613
1.328055
1.327848
1.326356
1.328268
1.330832
1.328564
1.328825
1.326470
1.329595
1.334133
1.333452
1.331524
1.334345
1.332879
1.331506
1.330523
1.328437
1.329473
1.336151
1.339851
1.342546
1.346814
1.348070
1.351556
1.349233
1.355400
1.365287
1.374371
1.382187
1.369225
1.370870
1.375874
1.354909
1.350745
1.359893
1.361811
1.371561
1.373641
1.360779
1.351476
1.347405
1.354959
1.351871
1.358231
1.359228
1.368295
1.370380
1.366107
1.364276
1.363762
1.377455
1.404560
1.404218
1.413545
1.417739
1.414544
1.398149
1.412485
1.416781
1.393957
1.402507
1.398369
1.413183
1.410740
1.403276
1.406931
1.391647
1.398347
1.406049
1.410567
1.404636
1.422878
1.440539
1.446630
1.443902
1.448031
1.437041
1.430540
1.436536
1.416448
1.413869
