1.306415
1.306679
1.305703
1.303570
1.301651
1.304622
1.304491
1.300533
1.304573
1.303199
1.306900
1.309153
1.313190
1.321776
1.333030
1.314483
1.311505
1.312792
1.299356
1.293489
1.298543
1.299841
1.301336
1.301463
1.300896
1.301263
1.303818
1.302940
1.300991
1.302170
1.305676
1.305785
1.306118
1.305129
1.303645
1.299671
1.297337
1.297702
1.297288
1.299204
1.290892
1.294102
1.292493
1.274902
1.293010
1.259441
1.270463
1.259663
1.257285
1.266919
1.271104
1.279304
1.269324
1.280380
1.273155
1.268148
1.265545
1.267369
1.263330
1.260996
1.265716
1.263560
1.273680
1.274268
1.285660
1.288021
1.282135
1.284356
1.285476
1.297149
1.296228
1.294209
1.285443
1.274075
1.276554
1.288420
1.283632
1.285469
1.286045
1.280364
1.286406
1.288211
1.286737
1.288249
1.286916
1.291619
1.295271
1.298088
1.291045
1.286939
1.283617
1.278666
1.272622
1.277596
1.282925
1.280675
1.285218
1.305108
1.313291
1.310375
1.315988
1.329087
1.351526
1.354722
1.336785
1.326921
1.320797
1.325313
1.337460
1.333437
1.331522
1.310254
1.330031
1.326669
1.318544
1.336132
1.333861
1.337247
1.339839
1.343789
1.344264
1.329413
1.324724
1.329945
1.336039
1.343139
1.341940
1.344978
1.335135
1.332729
1.338022
1.333671
1.329355
1.336020
1.334585
1.320431
1.326101
1.325832
1.313872
1.309513
1.305378
1.312389
1.314731
1.314013
1.317679
1.318906
1.320045
1.324653
1.326302
1.319504
1.327134
1.324288
1.326247
1.326585
1.325723
1.325160
1.315236
1.308777
1.304333
1.309295
1.307699
1.309691
1.308172
1.309198
1.314792
1.311994
1.311963
1.312236
1.310925
1.309170
1.304860
1.305866
1.308495
1.308351
1.303564
1.302865
1.302532
1.300940
1.304766
1.303388
1.306644
1.312565
1.306574
1.312235
1.313198
1.309043
1.311091
1.313637
1.315534
1.316181
1.317438
1.318559
1.320075
1.322576
1.324007
1.327041
1.326395
1.330933
1.333884
1.332639
1.327671
1.328111
1.328763
1.327417
1.325002
1.324112
1.325335
1.328572
1.333432
1.333910
1.331450
1.335809
1.334894
1.336537
1.336597
1.338331
1.343041
1.336495
1.334495
1.337108
