1.307526
1.306618
1.307022
1.307359
1.307755
1.307943
1.308063
1.308649
1.308537
1.309858
1.317060
1.318333
1.323217
1.336782
1.335890
1.292414
1.295657
1.296443
1.322269
1.326206
1.307497
1.296620
1.300463
1.287559
1.294584
1.279136
1.276515
1.275027
1.276963
1.269569
1.292502
1.299986
1.291171
1.276379
1.268735
1.269221
1.275426
1.280374
1.293315
1.293467
1.278861
1.280585
1.281131
1.278738
1.284625
1.289818
1.295983
1.296484
1.301461
1.301460
1.304673
1.301825
1.314517
1.316386
1.324486
1.326614
1.330142
1.335795
1.358558
1.369662
1.369326
1.381008
1.383903
1.391639
1.395067
1.407963
1.411935
1.399776
1.401913
1.394921
1.396069
1.395364
1.396772
1.394131
1.396134
1.395235
1.385576
1.376599
1.382325
1.385014
1.381189
1.382609
1.382704
1.382780
1.379974
1.378441
1.380919
1.379275
1.378795
1.377593
1.376708
1.375071
1.381578
1.382648
1.377875
1.374043
1.366198
1.359063
1.352767
1.351750
1.349835
1.347347
1.346963
1.343071
1.341253
1.342221
1.346542
1.349547
1.355400
1.358607
1.357841
1.359048
1.364559
1.372454
1.376720
1.376605
1.370625
1.368760
1.368664
1.373696
1.366519
1.369403
1.367307
1.359501
1.359616
1.355343
1.355152
1.357438
1.358501
1.360170
1.357333
1.359969
1.364687
1.365682
1.369228
1.375667
1.376790
1.378837
1.380537
1.386364
1.384503
1.384112
1.382112
1.383196
1.386331
1.392298
1.388751
1.390209
1.391069
1.324415
1.397897
1.355741
1.317850
1.291460
1.284133
1.265904
1.267446
1.236973
1.253193
1.281613
1.256863
1.379941
1.370251
1.382941
1.381577
1.391866
1.394051
1.377167
1.276310
1.361681
1.362136
1.363472
1.360615
1.363381
1.359583
1.359017
1.361862
1.359332
1.358977
1.357004
1.362740
1.361650
1.363588
1.372515
1.373719
1.368108
1.369260
1.384585
1.378185
1.377296
1.373248
1.369905
1.372913
1.381466
1.379257
1.376703
1.368151
1.368097
1.366818
1.362986
1.360015
1.350571
1.349819
1.349663
1.358857
1.349733
1.347528
1.345901
1.349954
1.352093
1.351455
1.353502
1.343119
1.341605
1.338181
1.340372
1.344788
1.347810
1.342149
1.344743
