1.332780
1.327079
1.326808
1.329906
1.326175
1.326100
1.325982
1.328548
1.328062
1.327618
1.327348
1.328375
1.330244
1.329626
1.329629
1.330269
1.331019
1.332005
1.332063
1.332305
1.333136
1.333554
1.333239
1.333277
1.333247
1.332943
1.333391
1.333326
1.333124
1.333453
1.333041
1.333623
1.333938
1.334211
1.333640
1.333585
1.333067
1.333721
1.333833
1.333835
1.333968
1.333746
1.333636
1.333797
1.333744
1.333697
1.333686
1.333823
1.333590
1.333874
1.334095
1.339100
1.357107
1.386620
1.367624
1.335194
1.330197
1.351889
1.337071
1.340932
1.341107
1.352060
1.348334
1.348221
1.343905
1.341248
1.340464
1.341292
1.345241
1.342890
1.344851
1.345562
1.347898
1.341893
1.342551
1.341830
1.343902
1.345573
1.345539
1.346753
1.347524
1.346569
1.346149
1.345908
1.347422
1.343120
1.343280
1.343950
1.345985
1.348399
1.343974
1.342992
1.341934
1.339799
1.338772
1.338321
1.340449
1.340048
1.341688
1.339678
1.339016
1.339862
1.337969
1.337821
1.338306
1.338604
1.339145
1.338136
1.337201
1.337219
1.337605
1.339138
1.338766
1.338540
1.339411
1.339593
1.339197
1.341720
1.343671
1.342785
1.341830
1.342335
1.343087
1.343952
1.343117
1.343712
1.343269
1.343281
1.341183
1.342911
1.346294
1.341416
1.339736
1.341239
1.339526
1.340860
1.342603
1.342248
1.342591
1.343242
1.343192
1.342477
1.341739
1.343403
1.345055
1.344919
1.345740
1.344702
1.343655
1.341586
1.340602
1.340323
1.340157
1.342746
1.346702
1.343646
1.343030
1.343769
1.342177
1.342608
1.342551
1.341648
1.342232
1.342196
1.343636
1.341287
1.342103
1.342335
1.342415
1.341012
1.340298
1.339757
1.341229
1.343097
1.344053
1.343154
1.342372
1.341909
1.341427
1.343534
1.339805
1.339641
1.338529
1.335805
1.334555
1.335561
1.335866
1.336219
1.336129
1.336265
1.336354
1.337375
1.337146
1.337415
1.339076
1.339165
1.336863
1.337488
1.336455
1.336298
1.335022
1.335155
1.335939
1.336995
1.337048
1.336970
1.336994
1.337974
1.337710
1.337725
1.338439
1.338081
1.337219
1.337839
1.338124
1.338007
1.338447
1.337521
1.336357
1.336145
1.336471
1.336658
1.335400
1.335445
1.336048
1.336374
1.336397
1.336993
1.337437
1.341685
1.344888
1.340707
1.339125
1.339044
1.338517
1.337475
1.337356
1.337529
1.336964
1.340358
1.335131
1.335628
1.334511
1.334818
1.334089
1.335238
1.335738
1.334955
1.335095
1.334869
1.333979
1.333348
1.333797
1.332563
1.334433
1.335061
1.334711
1.335230
1.334796
1.334264
1.333884
1.333572
1.333302
1.334514
1.333689
1.333312
1.330064
1.322166
1.293999
1.290913
1.260656
1.279745
1.285466
1.285175
1.293390
