1.333956
1.334290
1.336220
1.334029
1.334276
1.332440
1.330795
1.333174
1.333238
1.333069
1.333389
1.333324
1.331224
1.329052
1.328471
1.332714
1.329734
1.329805
1.336262
1.334392
1.330669
1.328237
1.332146
1.334066
1.333748
1.334024
1.334127
1.334521
1.334288
1.336674
1.339172
1.338587
1.339314
1.337378
1.337297
1.337557
1.341423
1.339086
1.337154
1.331677
1.327984
1.325749
1.323308
1.312919
1.329862
1.343150
1.481768
1.441385
1.416821
1.416722
1.408640
1.415113
1.423803
1.432984
1.440542
1.445596
1.450547
1.453903
1.459181
1.464211
1.466165
1.462716
1.467609
1.453827
1.428301
1.435448
1.444491
1.442875
1.445390
1.444189
1.439700
1.436705
1.443650
1.448895
1.443239
1.448173
1.450629
1.442313
1.437708
1.428256
1.423317
1.420661
1.425034
1.420144
1.409358
1.398728
1.395738
1.393754
1.380838
1.380885
1.378024
1.382240
1.383111
1.381244
1.382854
1.389886
1.394904
1.391923
1.389635
1.388175
1.389324
1.391994
1.398823
1.399537
1.398813
1.407108
1.408038
1.401138
1.402072
1.400590
1.402813
1.401675
1.404619
1.402544
1.401799
1.400374
1.394623
1.396059
1.396931
1.393029
1.393206
1.388426
1.385256
1.390894
1.388117
1.387850
1.383693
1.385029
1.380943
1.376324
1.379977
1.382794
1.365899
1.367448
1.370463
1.372613
1.373305
1.373577
1.366826
1.363987
1.371549
1.368561
1.368826
1.364551
1.380349
1.380915
1.366245
1.359845
1.359935
1.360430
1.367818
1.374078
1.373606
1.373176
1.368846
1.382275
1.378838
1.383637
1.378009
1.379496
1.375252
1.378207
1.387390
1.392541
1.385574
1.392640
1.399801
1.408514
1.409914
1.412241
1.415569
1.413037
1.413120
1.406341
1.396614
1.393732
1.394904
1.401211
1.406111
1.396850
1.392308
1.385116
1.384088
1.386758
1.390008
1.391871
1.390547
1.408987
1.414096
1.419799
1.422589
1.405786
1.416885
1.402491
1.404921
1.406857
1.405586
1.404696
1.418016
1.357159
1.402584
1.346826
1.412170
1.408554
1.405482
1.395503
1.409572
1.426210
1.414739
1.416153
1.439746
1.409321
1.410997
1.424463
1.395117
1.395042
1.391068
1.414535
1.392698
1.397358
1.393339
1.402509
1.394928
1.394542
1.389787
1.390074
1.391261
1.399954
1.406424
1.401761
1.404362
1.413224
1.430017
1.433318
1.436170
1.442076
1.430467
1.429282
1.426629
1.440586
1.444318
1.453224
1.453028
1.461013
1.454740
1.459237
1.455403
1.453566
1.441544
1.440525
1.447106
1.447364
1.445034
1.447432
1.445030
1.440586
1.433653
1.435606
1.432749
1.429063
1.421162
1.424539
1.422978
1.423710
1.423383
1.436093
1.436609
1.443890
1.443318
1.437805
1.422635
1.407173
1.404162
1.408457
1.414035
