1.331385
1.331436
1.331742
1.331885
1.331418
1.333199
1.332649
1.330693
1.290827
1.325072
1.315294
1.324503
1.312422
1.312896
1.314628
1.324157
1.328924
1.333125
1.333684
1.338053
1.340514
1.339308
1.344027
1.365347
1.356919
1.345363
1.328160
1.327359
1.321887
1.320503
1.315428
1.293883
1.295231
1.301166
1.303284
1.306223
1.321252
1.325737
1.333873
1.350782
1.360051
1.349944
1.352017
1.341001
1.338114
1.329359
1.340039
1.341730
1.349655
1.359345
1.355423
1.360236
1.357565
1.350908
1.335609
1.336544
1.333322
1.318480
1.302236
1.293123
1.297804
1.300313
1.302031
1.293547
1.296653
1.305438
1.305053
1.306529
1.296671
1.288790
1.283898
1.271466
1.277044
1.277920
1.272127
1.264066
1.258224
1.263081
1.264638
1.262187
1.262542
1.263081
1.262483
1.262632
1.260199
1.257599
1.263160
1.258145
1.262377
1.275703
1.279215
1.276203
1.266666
1.266858
1.262971
1.259350
1.263434
1.270610
1.277341
1.283691
1.284724
1.290590
1.281469
1.289670
1.285223
1.292073
1.294206
1.292698
1.303296
1.304716
1.307061
1.298708
1.295676
1.325856
1.322309
1.317718
1.300164
1.317768
1.330212
1.318301
1.316097
1.309543
1.321205
1.320141
1.315737
1.307719
1.307756
1.295463
1.286656
1.296433
1.305560
1.296839
1.314682
1.308686
1.306769
1.310074
1.310935
1.307274
1.315796
1.316354
1.319094
1.336338
1.338418
1.350159
1.352291
1.366865
1.359680
1.354589
1.362215
1.341130
1.348563
1.361866
1.364357
1.362658
1.354059
1.349458
1.339840
1.341862
1.338980
1.343864
1.357352
1.361399
1.362552
1.359394
1.357053
1.369292
1.381555
1.380675
1.388158
1.383265
1.372016
1.373799
1.383543
1.392803
1.406225
1.411920
1.391461
1.386807
1.387604
1.391650
1.401773
1.401925
1.403095
1.407012
1.405403
1.411739
1.411442
1.401998
1.399781
1.406093
1.400040
1.396510
1.395572
1.328361
1.196114
1.383859
1.402506
1.399055
1.406893
1.387096
1.276608
1.294056
1.281123
1.314122
1.340433
1.321280
1.353872
1.360774
1.361152
1.366577
1.360904
1.347972
1.333917
1.334486
1.308875
1.311745
1.283729
1.283998
1.255244
1.275841
1.275915
1.262101
1.252709
1.237152
1.236906
1.253142
1.266160
1.269907
1.283731
1.282441
1.268366
1.378874
1.380632
1.390239
1.383228
1.265807
1.382611
1.264235
1.249462
1.265782
1.275189
1.276731
1.259193
1.250898
1.248441
1.236354
1.224429
1.224942
1.224644
1.233657
1.232295
1.225589
1.221955
1.225856
1.214090
1.223567
1.216031
1.368923
1.376242
1.362506
1.375704
1.366394
1.367118
1.379959
1.382577
1.371101
1.366042
1.353533
1.353505
1.360143
1.379804
1.394216
1.375858
1.373063
1.369103
