1.334014
1.330036
1.331237
1.332126
1.329451
1.323712
1.321101
1.329739
1.330724
1.323706
1.323500
1.323529
1.328696
1.331044
1.330919
1.331764
1.330604
1.332086
1.331480
1.331833
1.332002
1.333187
1.333636
1.333755
1.333764
1.333847
1.333940
1.334369
1.334633
1.335488
1.334968
1.334741
1.334971
1.335365
1.336334
1.336437
1.330590
1.281325
1.245272
1.279244
1.300087
1.274503
1.265431
1.266892
1.269384
1.257783
1.251403
1.246703
1.257123
1.227596
1.223144
1.224133
1.236656
1.266818
1.260360
1.282074
1.284754
1.283194
1.232871
1.262850
1.288574
1.327303
1.304220
1.292662
1.286190
1.259612
1.303334
1.318451
1.320522
1.328607
1.337202
1.336335
1.332561
1.325905
1.329065
1.307652
1.326727
1.296611
1.285889
1.273172
1.285987
1.290650
1.289248
1.294917
1.318770
1.303409
1.300767
1.298556
1.309336
1.309881
1.309679
1.309283
1.307801
1.307717
1.306359
1.305612
1.304867
1.305375
1.306176
1.304513
1.301283
1.297676
1.298147
1.300069
1.306888
1.316602
1.302027
1.305377
1.289726
1.303784
1.281396
1.313788
1.316397
1.321971
1.327810
1.326593
1.328284
1.327686
1.324305
1.322809
1.327013
1.328287
1.325890
1.317871
1.327069
1.327038
1.326626
1.329670
1.329505
1.328270
1.333217
1.332447
1.328383
1.327271
1.323222
1.320536
1.319397
1.316996
1.320608
1.320785
1.319188
1.317777
1.322229
1.328380
1.335012
1.334267
1.335758
1.332728
1.331791
1.328611
1.325795
1.323782
1.324701
1.332341
1.335611
1.335652
1.334396
1.336289
1.336908
1.341718
1.343334
1.339169
1.339623
1.336304
1.325117
1.287771
1.319850
1.341445
1.323787
1.350988
1.347125
1.346635
1.338161
1.343396
1.329925
1.318422
1.332336
1.348927
1.358825
1.366044
1.396991
1.421930
1.410157
1.413899
1.392148
1.360609
1.352130
1.374098
1.384544
1.385104
1.376962
1.393155
1.379147
1.371222
1.378620
1.369206
1.352398
1.353243
1.376757
1.357853
1.351644
1.382764
1.369035
1.367239
1.363719
1.379181
1.369879
1.369941
1.366651
1.331100
1.334729
1.347916
1.361151
1.357421
1.329169
1.344728
1.315068
1.311063
1.319154
1.286656
1.308349
1.293129
1.291509
1.297709
1.291118
1.290618
1.295787
1.316536
1.320050
1.317637
1.336213
1.320014
1.309991
1.316603
1.322396
1.329771
1.333678
1.335180
1.333354
1.332309
1.328521
1.325472
1.320562
1.321197
1.323622
1.325680
1.326736
1.323155
1.325482
1.324101
1.320210
1.319609
1.325531
1.324514
1.329066
1.330492
1.331055
1.332430
1.330577
1.330958
1.331643
1.330772
1.331926
1.334795
1.332178
1.332946
1.333487
1.333608
1.331157
1.330193
1.328772
1.330053
1.330262
1.327004
1.326695
