1.334075
1.330218
1.331057
1.332013
1.329210
1.322058
1.324846
1.330892
1.331444
1.333281
1.332882
1.332317
1.333157
1.333530
1.333495
1.333592
1.333566
1.333602
1.333699
1.333616
1.333983
1.334409
1.334556
1.334882
1.334609
1.335900
1.339281
1.343629
1.344952
1.380770
1.362051
1.422799
1.472490
1.437271
1.358121
1.385414
1.446899
1.462104
1.441116
1.459890
1.466628
1.472242
1.468639
1.471467
1.464288
1.485429
1.491039
1.479682
1.475597
1.472536
1.473367
1.456650
1.347442
1.434671
1.436018
1.430924
1.420452
1.397221
1.372611
1.343589
1.424268
1.431422
1.416257
1.411734
1.392061
1.395676
1.393184
1.380234
1.383733
1.375382
1.396358
1.390421
1.391761
1.412151
1.434244
1.430433
1.447274
1.460002
1.464199
1.454479
1.465100
1.434958
1.454921
1.465059
1.452571
1.401487
1.375271
1.378314
1.505258
1.491259
1.460106
1.464431
1.452455
1.446074
1.454832
1.433697
1.430573
1.439968
1.444586
1.463630
1.472684
1.479622
1.493220
1.485965
1.467176
1.462569
1.455103
1.462713
1.440698
1.431909
1.450025
1.459661
1.464853
1.458888
1.465179
1.484972
1.487906
1.485839
1.487759
1.480972
1.479413
1.478031
1.487161
1.496006
1.500994
1.503588
1.492837
1.489447
1.494299
1.497113
1.504894
1.487437
1.512191
1.526941
1.445672
1.384993
1.384012
1.504848
1.488942
1.468673
1.469279
1.465228
1.439094
1.456249
1.433119
1.437685
1.449811
1.460438
1.446448
1.438302
1.418081
1.416529
1.434734
1.465010
1.462493
1.477329
1.508765
1.492685
1.483640
1.492325
1.479263
1.476769
1.475666
1.477061
1.476945
1.470584
1.481299
1.497133
1.510150
1.506685
1.510531
1.497140
1.478162
1.478399
1.476338
1.476750
1.484005
1.490975
1.493184
1.492234
1.489244
1.493258
1.480486
1.483382
1.478548
1.484651
1.483502
1.468285
1.468698
1.465409
1.452766
1.454353
1.451819
1.447052
1.450001
1.451886
1.449669
1.445415
1.438301
1.429931
1.432845
1.437044
1.449230
1.459483
1.449559
1.471771
1.470132
1.427735
1.426151
1.426556
1.453027
1.448293
1.455275
1.473929
1.475499
1.455999
1.472779
1.479768
1.474377
1.468275
1.460392
1.459583
1.449529
1.450301
1.449594
1.441267
1.441402
1.437275
1.434876
1.437772
1.434102
1.411002
1.399094
1.421812
1.413836
1.398508
1.381918
1.385343
1.392730
1.399011
1.421347
1.428064
1.413580
1.408473
1.408899
1.410576
1.409932
1.421720
1.425567
1.427925
1.421672
1.424445
1.417529
1.426985
1.424211
1.407238
1.397293
1.402315
1.409973
1.407534
1.418104
1.404837
1.401055
1.399852
1.391219
1.409444
1.397096
1.395075
1.402165
1.404835
1.401125
1.393164
1.378621
1.383951
1.386484
