1.333938
1.329611
1.329522
1.331101
1.328116
1.323532
1.327550
1.329185
1.330503
1.332240
1.332217
1.331548
1.332828
1.333457
1.333435
1.333445
1.333578
1.333540
1.333532
1.333435
1.333671
1.334107
1.334204
1.334289
1.334237
1.333927
1.334023
1.334158
1.334549
1.335970
1.335695
1.335056
1.335144
1.335733
1.338056
1.446694
1.502926
1.482824
1.499023
1.527532
1.506269
1.487746
1.487661
1.493300
1.491748
1.483645
1.475387
1.492045
1.479822
1.463870
1.483471
1.488986
1.486923
1.487255
1.498744
1.497076
1.491715
1.472650
1.466713
1.460392
1.461354
1.468529
1.478732
1.480256
1.470724
1.471958
1.472250
1.481229
1.470827
1.453124
1.457519
1.447894
1.441584
1.451421
1.459367
1.472119
1.498042
1.518621
1.530152
1.518835
1.549278
1.527435
1.519155
1.517242
1.529378
1.517653
1.505277
1.507160
1.487638
1.501499
1.514257
1.535521
1.501672
1.512093
1.518584
1.495902
1.503070
1.520971
1.526107
1.533426
1.533779
1.535177
1.537750
1.530418
1.535300
1.536860
1.540380
1.553439
1.553864
1.554618
1.540074
1.545154
1.538544
1.529729
1.539079
1.540790
1.543690
1.539278
1.538179
1.535209
1.529558
1.533503
1.543390
1.540467
1.540423
1.540106
1.531692
1.542153
1.540456
1.549364
1.543177
1.551221
1.562245
1.559181
1.549534
1.545861
1.546535
1.536032
1.534044
1.520211
1.519326
1.510669
1.504018
1.514008
1.511075
1.512616
1.508741
1.493429
1.491324
1.490917
1.487923
1.494248
1.498381
1.491301
1.488324
1.472882
1.467214
1.471664
1.465609
1.459840
1.468670
1.265111
1.143925
1.230535
1.470234
1.454333
1.460279
1.260822
1.250505
1.143128
1.100140
1.086504
1.095302
1.129421
1.466092
1.466571
1.226240
1.228188
1.491967
1.502002
1.494835
1.492320
1.486089
1.221166
1.212883
1.212469
1.212409
1.484334
1.480711
1.465734
1.458102
1.473481
1.478897
1.489252
1.491873
1.500882
1.509492
1.509145
1.513468
1.499938
1.506616
1.502933
1.512954
1.512123
1.514385
1.518215
1.219721
1.224186
1.223883
1.220900
1.221023
1.220941
1.221000
1.221023
1.220775
1.220502
1.248899
1.250166
1.250500
1.251105
1.250797
1.250908
1.249814
1.249382
1.249324
1.249404
1.248980
1.271233
1.278184
1.279702
1.278469
1.278709
1.278548
1.278435
1.278168
1.277770
1.277598
1.277809
1.320609
1.340467
1.341674
1.342754
1.342283
1.342488
1.342479
1.341871
1.342160
1.342739
1.342611
1.322446
1.332707
1.332721
1.331122
1.330557
1.330149
1.330581
1.367316
1.373495
1.355053
1.356311
1.354569
1.351650
1.362779
1.359801
1.365262
1.372855
1.378485
1.376994
1.372502
1.372068
1.391300
1.402437
1.408351
1.416931
1.405491
