1.334428
1.334724
1.336800
1.337156
1.334997
1.334536
1.334697
1.334701
1.334537
1.334793
1.334398
1.334361
1.334345
1.334609
1.334466
1.334278
1.334156
1.334254
1.334100
1.334090
1.334146
1.333927
1.334117
1.334117
1.333982
1.334002
1.333898
1.333939
1.333641
1.333634
1.335291
1.333185
1.331324
1.331084
1.333913
1.335322
1.335035
1.334224
1.334316
1.334085
1.333828
1.333949
1.333650
1.333766
1.333317
1.333151
1.333819
1.333685
1.333694
1.333553
1.333532
1.333563
1.333616
1.333659
1.333647
1.333611
1.333560
1.333007
1.332597
1.333186
1.333109
1.333102
1.332816
1.332714
1.333086
1.333492
1.333293
1.333029
1.332915
1.332875
1.332951
1.332655
1.333076
1.332962
1.332800
1.333038
1.333247
1.333519
1.333594
1.333749
1.333836
1.333830
1.333786
1.333757
1.333747
1.333874
1.334075
1.333948
1.334104
1.334140
1.334423
1.334621
1.334552
1.334450
1.334450
1.334503
1.334544
1.334483
1.334400
1.334270
1.334346
1.334316
1.334261
1.334314
1.334330
1.334186
1.334354
1.334408
1.334448
1.334162
1.333990
1.334226
1.334283
1.334037
1.334064
1.333717
1.333451
1.333743
1.333352
1.333011
1.333104
1.333283
1.333689
1.333489
1.333429
1.333122
1.333168
1.333141
1.332966
1.332818
1.332596
1.332584
1.332906
1.332812
1.333073
1.333171
1.333215
1.333135
1.333108
1.332940
1.333087
1.333159
1.333325
1.333423
1.333360
1.333370
1.333380
1.333484
1.333712
1.333713
1.333796
1.333719
1.333715
1.333780
1.333853
1.333906
1.333926
1.333885
1.333840
1.333811
1.333727
1.333674
1.333639
1.333621
1.333603
1.333509
1.333587
1.333466
1.333497
1.333463
1.333486
1.333532
1.333430
1.333091
1.332026
1.331026
1.331915
1.329689
1.331489
1.332279
1.331159
1.332515
1.332686
1.332790
1.332824
1.332845
1.332908
1.332946
1.332863
1.332911
1.332944
1.332851
1.332783
1.332820
1.332692
1.332847
1.332843
1.332628
1.332608
1.332540
1.332286
1.332171
1.332138
1.332114
1.332109
1.332319
1.332327
1.332438
1.332321
1.332455
1.332483
1.332543
1.332686
1.332773
1.332864
1.332872
1.332798
1.332968
1.332944
1.332800
1.332619
1.332643
1.332615
1.332652
1.332787
1.332731
1.332795
1.332706
1.332718
1.332691
1.332491
1.332575
1.332605
1.332791
1.331975
1.332639
1.332554
1.332759
1.332998
1.333023
1.332895
1.332799
1.332890
1.332867
1.332904
1.332838
1.332887
1.332937
1.332859
1.332816
1.332777
1.332838
1.332863
1.332767
1.332562
1.332689
1.332743
1.332914
1.332883
1.332725
1.332730
1.332807
1.332788
1.332792
1.332696
1.332587
1.332558
1.332424
1.332438
1.332241
1.332207
1.332174
1.332225
1.332250
1.332226
