1.334342
1.334575
1.336528
1.348551
1.355407
1.336616
1.338341
1.338763
1.337680
1.339503
1.337149
1.336886
1.337424
1.341966
1.338958
1.335881
1.334476
1.334834
1.334950
1.334734
1.334950
1.334679
1.335584
1.335292
1.334861
1.334646
1.334874
1.335179
1.334677
1.334792
1.335126
1.335233
1.334234
1.334296
1.335828
1.338754
1.339176
1.337358
1.336252
1.335906
1.335517
1.335529
1.335527
1.334875
1.334213
1.334337
1.334706
1.334542
1.334721
1.334462
1.334398
1.334652
1.334644
1.334672
1.334621
1.334570
1.334892
1.334327
1.334014
1.334495
1.335526
1.336697
1.334554
1.333050
1.333315
1.334940
1.332001
1.333585
1.333690
1.333706
1.333614
1.333968
1.333877
1.333891
1.333983
1.334093
1.333822
1.334177
1.334412
1.334686
1.334999
1.334722
1.334492
1.334467
1.334626
1.334485
1.334690
1.334921
1.335065
1.334824
1.335561
1.335998
1.335506
1.335066
1.335155
1.335304
1.335567
1.335728
1.342133
1.273252
1.261891
1.312340
1.271033
1.271834
1.240729
1.197506
1.215538
1.243899
1.257195
1.249410
1.251938
1.260145
1.287566
1.288193
1.278563
1.271138
1.259357
1.275402
1.287693
1.290976
1.293889
1.296512
1.298616
1.295222
1.290878
1.282827
1.281877
1.267900
1.250735
1.249297
1.256182
1.250388
1.244401
1.249559
1.260098
1.259243
1.253245
1.250818
1.260988
1.267410
1.281932
1.292746
1.302669
1.312821
1.309531
1.326172
1.368635
1.399520
1.377754
1.394063
1.407232
1.370486
1.358628
1.368381
1.356314
1.361011
1.348950
1.346958
1.342939
1.342262
1.321785
1.312671
1.328655
1.334728
1.334855
1.331573
1.334103
1.333196
1.337101
1.332807
1.349747
1.350225
1.342912
1.337204
1.328959
1.323251
1.311770
1.301743
1.303084
1.308758
1.309105
1.313063
1.309487
1.317364
1.323211
1.314397
1.305660
1.300916
1.296941
1.302614
1.310337
1.300342
1.299543
1.285737
1.269887
1.264239
1.264853
1.256195
1.257310
1.257758
1.251656
1.238068
1.230323
1.234047
1.244402
1.251421
1.248914
1.252640
1.243715
1.298546
1.283566
1.277275
1.271424
1.277985
1.322150
1.334109
1.330248
1.330557
1.331657
1.330045
1.326324
1.328831
1.327376
1.328656
1.329475
1.329536
1.330179
1.328094
1.327692
1.322585
1.313755
1.319505
1.320233
1.325963
1.326820
1.328361
1.328160
1.330238
1.333362
1.333866
1.326400
1.322510
1.326703
1.332236
1.331313
1.327679
1.327143
1.328123
1.325127
1.324513
1.324456
1.327991
1.329646
1.327627
1.324816
1.327486
1.328054
1.328515
1.328794
1.326781
1.325784
1.328191
1.327852
1.329392
1.328788
1.328007
1.326970
1.324791
1.324542
1.319149
1.315108
1.316901
1.317653
1.317631
1.313946
