1.333978
1.334408
1.336729
1.334137
1.334512
1.331539
1.328660
1.332736
1.332716
1.332370
1.332828
1.332811
1.330557
1.283629
1.261147
1.277168
1.320869
1.338839
1.345665
1.336069
1.338084
1.340333
1.332183
1.326366
1.329747
1.315846
1.305576
1.310396
1.307205
1.321664
1.316065
1.318523
1.310828
1.305219
1.313965
1.299150
1.292934
1.309733
1.317826
1.314679
1.316223
1.322825
1.327927
1.328326
1.318995
1.315060
1.322740
1.323308
1.315685
1.319698
1.319892
1.323765
1.328386
1.330937
1.331186
1.336285
1.336501
1.330388
1.321464
1.317003
1.312600
1.305483
1.306082
1.302327
1.300007
1.288249
1.286598
1.302800
1.304137
1.295452
1.303441
1.303136
1.299738
1.292445
1.286821
1.298072
1.295408
1.273873
1.270291
1.265159
1.258126
1.260349
1.256587
1.255881
1.252472
1.243862
1.228393
1.233301
1.231847
1.228426
1.236013
1.246927
1.247831
1.242468
1.240657
1.242534
1.241364
1.245708
1.248889
1.260825
1.263121
1.259101
1.249010
1.249334
1.250196
1.250828
1.247134
1.241824
1.241377
1.245542
1.258782
1.251938
1.238998
1.229679
1.323111
1.322598
1.227663
1.229538
1.218874
1.212696
1.206991
1.221188
1.223455
1.226857
1.223289
1.224678
1.221654
1.221868
1.220778
1.217134
1.219879
1.224133
1.229100
1.228388
1.235030
1.237196
1.241465
1.250855
1.268707
1.274360
1.279208
1.280965
1.286085
1.277606
1.288281
1.286636
1.285564
1.275213
1.264619
1.256798
1.263669
1.262855
1.263327
1.267098
1.268026
1.278183
1.285699
1.283046
1.277016
1.273083
1.277949
1.280330
1.275102
1.279018
1.274592
1.282435
1.283894
1.292183
1.292831
1.292766
1.288953
1.289575
1.286647
1.285463
1.283476
1.281805
1.286976
1.292106
1.293690
1.290616
1.298778
1.297858
1.295005
1.289523
1.302411
1.348430
1.352507
1.347104
1.367604
1.341320
1.339820
1.345266
1.326667
1.296203
1.287691
1.280295
1.296339
1.285583
1.288176
1.270435
1.274513
1.281882
1.285722
1.290604
1.277713
1.284546
1.276326
1.269099
1.295968
1.308877
1.306432
1.308825
1.342350
1.312818
1.309084
1.322424
1.325520
1.316459
1.326766
1.306809
1.283154
1.291266
1.296101
1.317057
1.334745
1.294769
1.274134
1.226734
1.268688
1.279062
1.266186
1.249402
1.244159
1.265809
1.237960
1.238967
1.248026
1.283534
1.279065
1.286345
1.285257
1.316968
1.324378
1.315394
1.310334
1.315678
1.305559
1.304528
1.315967
1.304407
1.292807
1.271643
1.295451
1.295674
1.278649
1.299025
1.305378
1.295826
1.297101
1.301290
1.301607
1.308616
1.301146
1.303819
1.298386
1.305470
1.304222
1.297087
1.291140
1.270644
1.277624
1.280457
1.286301
1.283433
1.289200
