1.333529
1.333439
1.333310
1.333303
1.333105
1.332980
1.332881
1.332287
1.332198
1.332282
1.333055
1.332689
1.378343
1.355240
1.360362
1.348719
1.338745
1.339551
1.335880
1.340782
1.344289
1.393663
1.390792
1.407294
1.354624
1.355794
1.354943
1.351222
1.349485
1.348867
1.348740
1.346263
1.350582
1.339352
1.340472
1.327979
1.352708
1.355091
1.366138
1.363608
1.376102
1.360876
1.348072
1.338652
1.343633
1.345968
1.355866
1.349193
1.357476
1.369285
1.375175
1.385156
1.378701
1.361820
1.357519
1.365551
1.366221
1.355780
1.352959
1.341948
1.354285
1.364458
1.340280
1.322760
1.333050
1.338776
1.340625
1.340825
1.326413
1.327774
1.335367
1.321744
1.322802
1.321077
1.302039
1.301564
1.288416
1.298946
1.297551
1.295566
1.336268
1.299536
1.314020
1.302855
1.300863
1.298874
1.306691
1.301017
1.304909
1.335600
1.329723
1.315477
1.300073
1.282868
1.280873
1.287816
1.293037
1.291183
1.295592
1.291913
1.292155
1.293716
1.283007
1.302415
1.306205
1.319375
1.308446
1.314933
1.320178
1.326880
1.333879
1.326085
1.313639
1.319120
1.334850
1.344476
1.351981
1.355636
1.366152
1.355343
1.365091
1.369791
1.354700
1.352980
1.349044
1.344775
1.344569
1.333386
1.334367
1.333679
1.333198
1.327365
1.329208
1.339887
1.333014
1.332418
1.332783
1.333343
1.333915
1.333905
1.333511
1.333630
1.333705
1.333853
1.333955
1.333966
1.334020
1.333927
1.333942
1.333981
1.334032
1.334077
1.334163
1.334121
1.334250
1.334083
1.334069
1.334159
1.334178
1.334380
1.334553
1.334576
1.334581
1.334572
1.334605
1.334730
1.334656
1.334752
1.334762
1.334738
1.336855
1.334726
1.334758
1.334694
1.334748
1.334763
1.334737
1.334702
1.334639
1.334592
1.334515
1.334559
1.334414
1.334332
1.334489
1.334712
1.334825
1.334843
1.334830
1.334757
1.334943
1.334873
1.334962
1.334824
1.334744
1.334685
1.334613
1.334664
1.334678
1.334605
1.334675
1.334611
1.334546
1.334646
1.334561
1.325129
1.315836
1.321734
1.321439
1.319649
1.325704
1.326335
1.328213
1.332262
1.332820
1.331849
1.334429
1.334527
1.334414
1.334337
1.334322
1.334388
1.334439
1.330259
1.328572
1.333552
1.337287
1.339681
1.343018
1.336842
1.340963
1.342380
1.334719
1.338693
1.339470
1.343651
1.344252
1.343932
1.348066
1.354828
1.353593
1.347840
1.346146
1.341632
1.342529
1.345727
1.338412
1.336645
1.334225
1.322062
1.315341
1.286351
1.276915
1.300289
1.294373
1.310938
1.309008
1.300532
1.326591
1.322489
1.324789
1.335604
1.335806
1.343123
1.330072
1.320114
1.267003
1.263063
1.270394
1.323231
1.319361
1.317770
1.278129
1.260336
1.298093
