1.331463
1.331741
1.332150
1.332308
1.331103
1.333105
1.332845
1.331512
1.326409
1.331695
1.332527
1.332857
1.333583
1.333723
1.333674
1.333691
1.333572
1.333519
1.333491
1.333587
1.333710
1.334025
1.333964
1.333471
1.333605
1.333689
1.333497
1.333431
1.333378
1.333456
1.333182
1.333027
1.332542
1.382975
1.388089
1.403871
1.417263
1.422922
1.434311
1.434974
1.440798
1.417082
1.419950
1.383700
1.358427
1.328315
1.339291
1.351008
1.362534
1.359367
1.347138
1.361836
1.371816
1.372953
1.376912
1.378544
1.370431
1.350358
1.330740
1.318098
1.303313
1.292843
1.285744
1.260046
1.250265
1.242884
1.246926
1.250631
1.235811
1.243850
1.240272
1.221861
1.219755
1.223051
1.216488
1.221040
1.223202
1.242272
1.223850
1.229402
1.211821
1.207210
1.215168
1.217238
1.225079
1.221575
1.216090
1.201937
1.207076
1.236310
1.249032
1.252509
1.258283
1.263717
1.327415
1.249818
1.267507
1.286789
1.289398
1.294966
1.286701
1.322459
1.315208
1.361191
1.364291
1.369387
1.364033
1.347044
1.357979
1.361962
1.368867
1.366627
1.349015
1.346270
1.339734
1.349910
1.357900
1.350836
1.368051
1.362326
1.355620
1.343209
1.354525
1.361533
1.354221
1.348087
1.344619
1.337521
1.330427
1.334848
1.341717
1.340950
1.358591
1.380091
1.372923
1.372702
1.376208
1.372667
1.366477
1.374798
1.379001
1.370182
1.377476
1.396853
1.399885
1.395384
1.338027
1.397383
1.330226
1.312794
1.315678
1.298037
1.311847
1.321142
1.409670
1.419806
1.401356
1.402450
1.408366
1.321153
1.331527
1.329510
1.324506
1.332190
1.330987
1.336987
1.340488
1.344583
1.423029
1.428681
1.429724
1.428294
1.435028
1.450848
1.467034
1.471578
1.473599
1.479543
1.478219
1.478087
1.476688
1.470489
1.445194
1.436244
1.429157
1.438937
1.432003
1.427898
1.426747
1.436034
1.432749
1.453828
1.470755
1.465542
1.457117
1.452788
1.465946
1.475669
1.499152
1.497433
1.497663
1.497892
1.497685
1.496257
1.491140
1.479201
1.489615
1.498018
1.498759
1.500348
1.495689
1.492246
1.496600
1.500828
1.510218
1.513645
1.508197
1.520033
1.516817
1.521996
1.531484
1.524134
1.515400
1.516672
1.521325
1.531746
1.535546
1.522583
1.515291
1.517387
1.523064
1.535152
1.535650
1.530681
1.535521
1.538923
1.520237
1.512632
1.512647
1.521273
1.523794
1.520851
1.512729
1.510077
1.514745
1.504105
1.507183
1.510179
1.491677
1.492835
1.486096
1.481411
1.476035
1.479215
1.474813
1.487387
1.493697
1.487218
1.356939
1.361301
1.497338
1.349334
1.355087
1.499988
1.498088
1.499223
1.500784
1.509033
1.516046
1.526324
1.523463
1.513233
1.502463
1.496381
1.503216
