1.307954
1.307641
1.307437
1.307638
1.306306
1.305839
1.307490
1.307960
1.306554
1.304603
1.306861
1.306727
1.306957
1.306868
1.304435
1.296493
1.273028
1.271149
1.303289
1.302578
1.292115
1.277122
1.266182
1.262242
1.305047
1.298227
1.295318
1.301079
1.311858
1.307935
1.332655
1.347550
1.338813
1.321471
1.327965
1.342658
1.364579
1.374838
1.362003
1.347720
1.320341
1.314785
1.296751
1.296510
1.299900
1.301289
1.305274
1.311096
1.308207
1.314170
1.292960
1.313304
1.321573
1.311272
1.295348
1.312470
1.328124
1.341409
1.347376
1.344583
1.344540
1.352601
1.372498
1.367521
1.337529
1.341504
1.348936
1.336741
1.331890
1.331466
1.326479
1.326410
1.323170
1.320120
1.319600
1.327514
1.321250
1.326491
1.320204
1.311706
1.359817
1.370319
1.373321
1.370476
1.375104
1.369592
1.363220
1.355452
1.366487
1.361052
1.340715
1.373818
1.368896
1.367084
1.361658
1.365441
1.362116
1.376508
1.368383
1.349849
1.332049
1.323646
1.338000
1.340669
1.337864
1.340057
1.331921
1.331578
1.325745
1.353012
1.319872
1.322701
1.325323
1.341716
1.335542
1.333301
1.353801
1.351199
1.361551
1.367813
1.362453
1.370365
1.358005
1.370394
1.353823
1.358121
1.357999
1.368568
1.361170
1.336221
1.333030
1.331622
1.329342
1.326588
1.365077
1.347544
1.369658
1.376285
1.363531
1.383745
1.377750
1.383031
1.365770
1.356827
1.354012
1.346280
1.344605
1.351804
1.349749
1.350168
1.353562
1.346604
1.365267
1.362188
1.372795
1.371938
1.390505
1.388685
1.352289
1.349140
1.376604
1.371610
1.348638
1.348133
1.351527
1.353785
1.351981
1.341287
1.376353
1.339592
1.340195
1.347158
1.376570
1.335069
1.334908
1.331604
1.327516
1.336834
1.335999
1.339294
1.312762
1.319574
1.367023
1.332425
1.326323
1.306801
1.297071
1.296474
1.295915
1.360366
1.356506
1.356811
1.348890
1.345806
1.355555
1.287245
1.275374
1.287823
1.284186
1.359443
1.276306
1.355543
1.361102
1.364245
1.388499
1.389769
1.372904
1.371387
1.375514
1.372438
1.317743
1.325064
1.315656
1.318947
1.362976
1.359583
1.359413
1.358312
1.376224
1.376828
