1.333883
1.334134
1.335421
1.392392
1.361160
1.365673
1.367883
1.364635
1.351831
1.346086
1.350547
1.354019
1.353919
1.343003
1.349206
1.346466
1.343875
1.345383
1.345808
1.341947
1.333405
1.334606
1.337323
1.337468
1.340431
1.341677
1.336861
1.340084
1.343378
1.367168
1.356579
1.366377
1.359658
1.365301
1.362122
1.329650
1.314548
1.307863
1.305824
1.312521
1.321567
1.330049
1.335248
1.330744
1.331401
1.329028
1.329328
1.330648
1.328470
1.334518
1.332240
1.338850
1.338321
1.338485
1.336791
1.340183
1.337567
1.339503
1.342452
1.339275
1.340737
1.339227
1.338060
1.337638
1.342753
1.339067
1.345669
1.366662
1.364853
1.365287
1.361933
1.360555
1.368395
1.371607
1.383959
1.368812
1.357897
1.361174
1.363109
1.360976
1.359270
1.362173
1.366018
1.361291
1.359202
1.350815
1.345510
1.343109
1.345318
1.344397
1.345977
1.344836
1.355152
1.357051
1.347744
1.348464
1.354816
1.356784
1.361398
1.366245
1.376447
1.386241
1.388993
1.393488
1.395360
1.377182
1.367093
1.364850
1.372955
1.388486
1.387006
1.392320
1.382633
1.370350
1.359517
1.354985
1.349563
1.357405
1.359925
1.357195
1.363223
1.365985
1.370694
1.370540
1.370954
1.366571
1.372692
1.379235
1.374306
1.372644
1.373621
1.370949
1.372788
1.368155
1.366778
1.366067
1.369534
1.367875
1.364255
1.369912
1.373978
1.375498
1.379801
1.378570
1.386135
1.384658
1.382199
1.375284
1.376386
1.375040
1.374461
1.371090
1.372698
1.374757
1.380438
1.384015
1.379949
1.364198
1.351696
1.398193
1.401194
1.354712
1.381885
1.415036
1.391842
1.378789
1.351134
1.341489
1.344394
1.340697
1.351568
1.353895
1.352197
1.346974
1.348572
1.350394
1.349469
1.349500
1.340978
1.340243
1.336687
1.336681
1.336742
1.336582
1.336578
1.336631
1.336537
1.336591
1.336397
1.336247
1.336401
1.336384
1.336306
1.336309
1.336206
1.336313
1.336147
1.336050
1.336358
1.336133
1.336263
1.336332
1.336129
1.335905
1.335761
1.335536
1.335572
1.335594
1.335515
1.335522
1.335478
1.335471
1.335549
1.335497
1.335475
1.335391
1.335305
1.335338
1.335359
1.335401
1.335402
1.335327
1.335246
1.335230
1.335339
1.335223
1.335175
1.335049
1.335086
1.334964
1.334966
1.334917
1.335010
1.335104
1.335142
1.335248
1.335372
1.335453
1.335619
1.335579
1.335537
1.335517
1.335446
1.335309
1.335273
1.335428
1.335492
1.335658
1.335665
1.335680
1.335686
1.335772
1.335872
1.335883
1.335858
1.335764
1.335658
1.335696
1.335692
1.335652
1.335461
1.335306
1.335298
1.335360
1.335401
1.335353
1.335377
1.335593
1.335669
1.335487
1.335532
1.335618
1.335490
1.335572
1.335657
