1.334717
1.335252
1.338409
1.335007
1.334785
1.334844
1.335423
1.334698
1.334824
1.334886
1.334569
1.334282
1.334632
1.334852
1.334896
1.334664
1.334559
1.334691
1.334644
1.334328
1.334382
1.334549
1.335165
1.335131
1.336029
1.334991
1.335083
1.334972
1.334469
1.334455
1.334829
1.334785
1.335234
1.334381
1.334692
1.351274
1.334575
1.334260
1.334679
1.334646
1.334518
1.334279
1.334079
1.334339
1.334470
1.333724
1.334507
1.334894
1.325970
1.241538
1.260411
1.280124
1.270974
1.266486
1.280536
1.265213
1.227256
1.254201
1.247803
1.238811
1.253071
1.299286
1.307879
1.315458
1.298137
1.321528
1.313540
1.324733
1.293625
1.291623
1.300401
1.302499
1.323442
1.330037
1.336499
1.333632
1.343004
1.358814
1.359213
1.355525
1.355938
1.370679
1.295261
1.330511
1.295846
1.329530
1.340179
1.322957
1.346424
1.331575
1.327955
1.316849
1.315720
1.284557
1.269878
1.275881
1.297288
1.306797
1.308707
1.279524
1.279943
1.270713
1.267271
1.259752
1.256613
1.246263
1.251628
1.246916
1.251321
1.246730
1.294389
1.280185
1.271109
1.279604
1.259957
1.251816
1.249140
1.250677
1.239346
1.243730
1.243609
1.243506
1.254004
1.272769
1.301929
1.302219
1.308119
1.290104
1.273592
1.275126
1.277163
1.273077
1.284841
1.270716
1.269626
1.272601
1.272092
1.273131
1.272939
1.273409
1.277731
1.282429
1.261410
1.269705
1.281634
1.277989
1.268028
1.260110
1.250240
1.228722
1.222632
1.224215
1.218309
1.214354
1.210748
1.207215
1.214845
1.220333
1.239019
1.238706
1.233997
1.229106
1.239719
1.256049
1.270100
1.288868
1.288290
1.282376
1.260409
1.271455
1.284103
1.276100
1.267700
1.272017
1.259453
1.261692
1.268268
1.270560
1.284000
1.278330
1.275493
1.274123
1.275657
1.272524
1.272706
1.262558
1.255185
1.248948
1.243407
1.244010
1.247946
1.242393
1.244931
1.243204
1.244914
1.243242
1.238581
1.243053
1.245368
1.244838
1.238846
1.232283
1.234370
1.233086
1.238554
1.233275
1.236501
1.225755
1.220178
1.206440
1.201946
1.204746
1.215075
1.213998
1.213083
1.212669
1.216779
1.221132
1.216953
1.215538
1.242725
1.252456
1.249428
1.233834
1.222319
1.227141
1.234981
1.222719
1.218925
1.209638
1.207708
1.238646
1.236012
1.245642
1.252378
1.258459
1.259578
1.264778
1.241088
1.239850
1.250531
1.262675
1.266071
1.261981
1.268180
1.270551
1.281371
1.292304
1.298864
1.314310
1.312476
1.307573
1.293046
1.246019
1.245737
1.241512
1.245388
1.250480
1.250861
1.228923
1.234783
1.240359
1.235306
1.230649
1.229554
1.190980
1.197873
1.190539
1.198447
1.251033
1.285268
1.287206
1.295503
1.272623
1.305931
