1.330936
1.331146
1.331223
1.331402
1.331063
1.332336
1.331265
1.327346
1.299420
1.327318
1.331460
1.331550
1.333155
1.333595
1.333003
1.333114
1.332048
1.332539
1.332490
1.332821
1.332944
1.333118
1.333633
1.332396
1.332855
1.333505
1.333487
1.333603
1.333611
1.333662
1.333351
1.333341
1.333794
1.335483
1.334277
1.333519
1.330482
1.330158
1.318387
1.314966
1.319694
1.325917
1.329293
1.333908
1.349140
1.365680
1.401042
1.408179
1.403242
1.390528
1.389630
1.389762
1.372470
1.368565
1.365561
1.362159
1.359602
1.351476
1.347858
1.353292
1.354897
1.358910
1.355733
1.360139
1.357555
1.359421
1.350605
1.347055
1.340924
1.336333
1.338185
1.335145
1.331802
1.328269
1.328011
1.322542
1.326908
1.359242
1.346217
1.337215
1.341398
1.350191
1.358297
1.351007
1.359528
1.361815
1.372873
1.373170
1.348607
1.342141
1.338426
1.342824
1.354218
1.372928
1.380115
1.375984
1.375333
1.378134
1.382570
1.373208
1.382537
1.380342
1.370715
1.389981
1.394357
1.399398
1.395864
1.384820
1.390582
1.397460
1.401395
1.394283
1.387782
1.378332
1.381262
1.372499
1.370349
1.380957
1.384476
1.381763
1.377425
1.374889
1.384339
1.389529
1.387300
1.381449
1.377332
1.376708
1.385045
1.387568
1.386009
1.388520
1.395861
1.392312
1.385365
1.393061
1.389803
1.389217
1.383350
1.385748
1.389702
1.397385
1.395259
1.395212
1.396489
1.396844
1.393147
1.391429
1.395337
1.392621
1.384340
1.389925
1.395493
1.393641
1.385628
1.383635
1.377625
1.379727
1.377637
1.375846
1.382041
1.391131
1.395742
1.400931
1.405049
1.411102
1.404454
1.404848
1.403662
1.401257
1.391058
1.383594
1.384300
1.395316
1.398374
1.401373
1.395626
1.394270
1.396300
1.400372
1.409489
1.417148
1.412676
1.419714
1.422868
1.429467
1.427632
1.423654
1.427911
1.441413
1.438567
1.426193
1.431113
1.416072
1.395697
1.384219
1.389524
1.409142
1.458635
1.421474
1.415658
1.403803
1.401441
1.396957
1.398898
1.386959
1.377655
1.390947
1.379283
1.367357
1.365166
1.368448
1.373461
1.376562
1.371967
1.372669
1.370171
1.373226
1.364233
1.363115
1.362692
1.374433
1.382386
1.380396
1.385222
1.392557
1.381739
1.378963
1.385130
1.381012
1.380877
1.379721
1.378349
1.386901
1.386653
1.388925
1.392929
1.382435
1.379840
1.380279
1.382800
1.378623
1.378626
1.380961
1.375930
1.371651
1.371978
1.366939
1.366561
1.372409
1.371213
1.375365
1.372371
1.370058
1.369759
1.373109
1.374879
1.374543
1.372637
1.370040
1.370409
1.368733
1.367184
1.363115
1.368316
1.369776
1.364999
1.364378
1.371629
1.374528
1.376483
1.369954
1.367110
1.366009
1.369940
