1.333949
1.333524
1.332726
1.326891
1.330495
1.331412
1.332480
1.333097
1.333876
1.333566
1.333749
1.334015
1.333812
1.333865
1.334093
1.334203
1.334164
1.334142
1.334299
1.334179
1.334189
1.334372
1.334415
1.334377
1.334354
1.334446
1.334230
1.334010
1.333399
1.333885
1.334075
1.333993
1.333608
1.333667
1.333191
1.332234
1.332745
1.333020
1.328957
1.306908
1.271436
1.238562
1.258674
1.242868
1.257046
1.259629
1.253529
1.262650
1.271417
1.285150
1.293335
1.314771
1.322028
1.326397
1.341505
1.360357
1.363659
1.363883
1.369393
1.384616
1.389281
1.392071
1.379096
1.373157
1.385960
1.387770
1.396743
1.392279
1.391377
1.395826
1.401595
1.397593
1.328021
1.346177
1.409011
1.406244
1.381408
1.379523
1.380153
1.355409
1.350820
1.368863
1.367683
1.364872
1.365750
1.359920
1.352830
1.344146
1.345593
1.344415
1.354122
1.353761
1.370057
1.378521
1.383746
1.399093
1.398268
1.401244
1.390641
1.399369
1.402363
1.403298
1.395267
1.393673
1.386884
1.406697
1.419004
1.406413
1.390510
1.390666
1.393153
1.396765
1.405892
1.409132
1.399186
1.390388
1.371020
1.371355
1.371456
1.376225
1.397460
1.382457
1.380470
1.373647
1.381833
1.366644
1.372416
1.348916
1.350793
1.347518
1.367456
1.365821
1.365341
1.364921
1.374923
1.366748
1.367050
1.369764
1.353132
1.344045
1.338513
1.347220
1.355917
1.397086
1.403376
1.419313
1.426582
1.422785
1.430768
1.427961
1.422774
1.346285
1.434020
1.450088
1.480900
1.515487
1.503694
1.492181
1.488705
1.491488
1.483650
1.474288
1.458981
1.469603
1.462977
1.457161
1.446691
1.459060
1.449411
1.445147
1.459283
1.452824
1.448247
1.454032
1.450234
1.449822
1.444136
1.440943
1.429223
1.438030
1.448697
1.449052
1.453135
1.441238
1.387365
1.395246
1.399398
1.421262
1.414224
1.415309
1.405219
1.405411
1.394909
1.388507
1.392031
1.408335
1.416891
1.435303
1.435309
1.431193
1.449239
1.455638
1.463320
1.452329
1.453600
1.461191
1.465639
1.469556
1.470677
1.458894
1.450145
1.444255
1.442999
1.441296
1.434398
1.436973
1.416130
1.426976
1.430806
1.435651
1.431889
1.418864
1.404958
1.396592
1.395577
1.402221
1.404483
1.412900
1.410787
1.420172
1.430204
1.412488
1.423853
1.414846
1.413408
1.405428
1.411844
1.410790
1.411173
1.407226
1.411992
1.399228
1.410120
1.404741
1.406864
1.412642
1.430100
1.453675
1.464960
1.473669
1.483386
1.482159
1.472860
1.458378
1.458241
1.443192
1.445158
1.455564
1.464603
1.464757
1.483049
1.492694
1.490458
1.497668
1.513532
1.517504
1.510893
1.510182
1.506647
1.506757
1.503471
1.501385
1.501218
1.494773
1.504576
