1.333822
1.333826
1.335275
1.410931
1.445956
1.437430
1.403342
1.382308
1.334998
1.338852
1.339379
1.338991
1.350297
1.340019
1.340305
1.337632
1.336996
1.337923
1.336423
1.335726
1.334339
1.334654
1.334767
1.334744
1.338468
1.347154
1.335957
1.336423
1.335137
1.337554
1.336431
1.336062
1.334808
1.334825
1.334783
1.332429
1.333156
1.334466
1.334638
1.334544
1.334701
1.334938
1.334572
1.334512
1.334391
1.334084
1.333884
1.334209
1.334600
1.334601
1.334661
1.335555
1.334503
1.334714
1.334454
1.334560
1.334605
1.334572
1.335152
1.334920
1.335563
1.335750
1.335747
1.335628
1.335341
1.334721
1.335161
1.336163
1.336651
1.336240
1.334095
1.333813
1.334322
1.334004
1.334051
1.333856
1.333629
1.333938
1.333822
1.334394
1.334578
1.334382
1.335553
1.335742
1.334788
1.334892
1.336100
1.334835
1.335128
1.335350
1.337015
1.324645
1.334153
1.329752
1.334013
1.333853
1.334353
1.334506
1.334291
1.334458
1.334459
1.333826
1.331269
1.333596
1.334543
1.334719
1.333321
1.327368
1.283953
1.333494
1.350949
1.319446
1.320567
1.312545
1.321247
1.321380
1.308263
1.298467
1.301714
1.317384
1.324103
1.290617
1.337197
1.365527
1.349349
1.374094
1.418259
1.437767
1.413890
1.398598
1.405368
1.399648
1.401429
1.400566
1.416353
1.431115
1.420934
1.408256
1.393130
1.387959
1.387230
1.397768
1.397630
1.405605
1.419354
1.415658
1.406102
1.405904
1.416587
1.432541
1.427902
1.421088
1.432426
1.427198
1.448410
1.467006
1.459096
1.440651
1.441363
1.454026
1.452367
1.452096
1.380391
1.457530
1.450129
1.455059
1.461080
1.482006
1.369723
1.319571
1.338057
1.470738
1.373062
1.330031
1.355008
1.345942
1.334030
1.352966
1.360290
1.363181
1.356408
1.367526
1.379554
1.385443
1.396855
1.392293
1.379819
1.398892
1.393796
1.388680
1.379522
1.378289
1.384436
1.385571
1.386537
1.401794
1.394664
1.384506
1.383167
1.392122
1.406330
1.398449
1.412628
1.396023
1.380463
1.379076
1.376712
1.383218
1.378245
1.381869
1.393591
1.402879
1.378096
1.365826
1.366206
1.365106
1.365284
1.365736
1.371575
1.373812
1.377279
1.382586
1.390342
1.387595
1.395077
1.380041
1.374536
1.347195
1.337669
1.335972
1.353979
1.357530
1.375819
1.362948
1.372583
1.374570
1.386605
1.400587
1.396456
1.389413
1.403194
1.409181
1.398658
1.401675
1.399831
1.396361
1.397627
1.399591
1.412084
1.417739
1.420761
1.426253
1.432042
1.438717
1.445425
1.455483
1.457713
1.454365
1.452892
1.458221
1.462586
1.465951
1.467082
1.464883
1.460513
1.466182
1.461949
1.463227
1.459756
1.457836
1.459867
1.461163
1.456067
1.451854
1.456119
