1.333812
1.333790
1.334052
1.341725
1.333414
1.333515
1.333465
1.333496
1.333808
1.333415
1.333618
1.334040
1.334067
1.334109
1.334206
1.334009
1.333970
1.333915
1.333869
1.333156
1.329449
1.331031
1.316491
1.320359
1.352014
1.348450
1.336228
1.333651
1.325700
1.341785
1.340727
1.338771
1.328319
1.327413
1.315543
1.297698
1.294981
1.283354
1.293593
1.303029
1.313021
1.316026
1.310024
1.314500
1.312118
1.309806
1.308907
1.309970
1.309275
1.315677
1.313191
1.325267
1.328803
1.329086
1.335685
1.457881
1.373823
1.379601
1.371229
1.336118
1.342441
1.333717
1.335011
1.331975
1.333021
1.332814
1.338302
1.370565
1.361842
1.370918
1.356940
1.356357
1.343559
1.327971
1.353360
1.357977
1.343202
1.345735
1.340108
1.339644
1.346082
1.364073
1.364985
1.350162
1.340166
1.322985
1.310046
1.313283
1.313164
1.297191
1.289838
1.281341
1.284167
1.279354
1.296190
1.304549
1.303813
1.307464
1.310286
1.311570
1.316098
1.322993
1.319766
1.319892
1.315871
1.314625
1.314682
1.316526
1.314073
1.313576
1.313641
1.318106
1.317796
1.310310
1.302292
1.305892
1.300988
1.310125
1.313378
1.314021
1.312582
1.316434
1.320567
1.322280
1.318479
1.321306
1.323643
1.326780
1.323196
1.313467
1.309988
1.305123
1.310552
1.315425
1.317094
1.317437
1.322187
1.325689
1.321674
1.321948
1.322507
1.325738
1.336373
1.333920
1.338757
1.339088
1.336258
1.327563
1.326777
1.331442
1.325994
1.325836
1.326100
1.323931
1.323650
1.324957
1.325874
1.325322
1.323955
1.327015
1.326558
1.322082
1.323784
1.323009
1.325401
1.329045
1.326208
1.324179
1.323063
1.319617
1.318877
1.319539
1.324367
1.324292
1.324439
1.323819
1.325909
1.325973
1.324097
1.319957
1.317440
1.320153
1.319524
1.315900
1.317316
1.317325
1.315610
1.319860
1.318629
1.321680
1.322445
1.320990
1.320998
1.321988
1.318955
1.319621
1.318141
1.317068
1.319388
1.319834
1.319524
1.319997
1.322763
1.322140
1.320128
1.319275
1.321022
1.322144
1.321695
1.323372
1.325904
1.323743
1.325251
1.325021
1.326957
1.327513
1.329187
1.328196
1.328340
1.328697
1.329417
1.329902
1.330113
1.329384
1.329166
1.328632
1.328618
1.329438
1.329532
1.328714
1.328762
1.328881
1.329606
1.331784
1.332231
1.332049
1.332174
1.332364
1.332004
1.330963
1.328079
1.330537
1.330114
1.330225
1.329326
1.329489
1.330157
1.330711
1.331214
1.331588
1.331032
1.331917
1.332892
1.333149
1.332866
1.332863
1.332229
1.331509
1.330750
1.329274
1.327277
1.327996
1.327940
1.327916
1.326292
1.327948
1.328963
1.331157
1.331782
1.331723
1.331875
1.332565
1.332354
1.332655
1.332971
