1.332919
1.332139
1.331777
1.332246
1.330077
1.328778
1.329962
1.329800
1.329883
1.329181
1.327854
1.329405
1.329867
1.329179
1.327949
1.330371
1.331031
1.331900
1.332395
1.332786
1.332866
1.333125
1.333271
1.333178
1.332723
1.332229
1.332919
1.332937
1.332429
1.333131
1.331993
1.332597
1.333070
1.333426
1.333230
1.333324
1.332834
1.333221
1.333460
1.333667
1.333875
1.333855
1.333786
1.333834
1.333784
1.333745
1.333729
1.333680
1.333654
1.333826
1.333811
1.334213
1.339095
1.336735
1.339133
1.325587
1.332838
1.335939
1.334657
1.335025
1.334914
1.334956
1.335130
1.335214
1.334689
1.334538
1.334611
1.334471
1.335293
1.334420
1.335824
1.336509
1.336879
1.335090
1.335108
1.334912
1.335171
1.335434
1.335477
1.335668
1.335700
1.335477
1.335586
1.335520
1.335864
1.335195
1.335241
1.335641
1.336291
1.336185
1.335040
1.335151
1.334107
1.334077
1.333979
1.332862
1.215827
1.143077
1.138710
1.136711
1.135280
1.160293
1.168161
1.156651
1.150757
1.157558
1.158203
1.177004
1.313068
1.278241
1.310320
1.293110
1.285094
1.177563
1.181857
1.192522
1.196359
1.189403
1.183105
1.185626
1.197275
1.201362
1.201470
1.201438
1.201870
1.212023
1.211502
1.200680
1.189234
1.198417
1.201986
1.216916
1.220684
1.213596
1.205033
1.192773
1.195315
1.196963
1.199275
1.207582
1.204590
1.215329
1.214636
1.214265
1.205401
1.211702
1.207811
1.202236
1.202423
1.192972
1.198734
1.201324
1.200025
1.198507
1.199729
1.199920
1.206835
1.210629
1.233104
1.233422
1.216384
1.215888
1.218299
1.234404
1.247763
1.246668
1.252122
1.254304
1.255003
1.250993
1.250368
1.242724
1.243655
1.246505
1.249962
1.250163
1.255645
1.257762
1.270900
1.272826
1.276753
1.266356
1.261631
1.252868
1.249601
1.247123
1.237753
1.229758
1.228198
1.233514
1.236004
1.237539
1.244759
1.238805
1.237801
1.236687
1.234389
1.239233
1.249052
1.243828
1.245615
1.252533
1.252754
1.256146
1.254073
1.257103
1.255292
1.250579
1.252752
1.252393
1.261705
1.256728
1.249696
1.241298
1.244975
1.239095
1.233745
1.228773
1.228218
1.221348
1.215291
1.219932
1.209572
1.210358
1.208092
1.213657
1.214923
1.217556
1.220905
1.215736
1.207204
1.211463
1.205334
1.202186
1.201269
1.209366
1.216232
1.216100
1.220488
1.212730
1.211518
1.207444
1.209660
1.203822
1.203949
1.202080
1.198344
1.196524
1.191572
1.186311
1.182799
1.179746
1.182331
1.182850
1.196000
1.204770
1.201600
1.190931
1.184649
1.180058
1.179520
1.183189
1.179337
1.186039
1.188160
1.189458
1.186327
1.187392
1.189109
1.187759
1.186460
1.190427
1.193328
1.197214
1.197924
