1.332649
1.322232
1.271342
1.272763
1.251495
1.230540
1.237616
1.219136
1.238729
1.250657
1.269245
1.276025
1.284901
1.280269
1.260632
1.248352
1.240577
1.332685
1.333756
1.333206
1.332869
1.333733
1.333272
1.333786
1.333571
1.333377
1.333364
1.332918
1.331745
1.331224
1.324776
1.293319
1.274605
1.281075
1.254808
1.251697
1.249174
1.277526
1.304297
1.322489
1.313806
1.300058
1.296005
1.302683
1.284679
1.290168
1.298931
1.294148
1.314519
1.314379
1.304724
1.314214
1.302073
1.283889
1.281096
1.258898
1.270878
1.265590
1.248142
1.247954
1.249567
1.260803
1.254742
1.267058
1.279315
1.271977
1.273925
1.285988
1.269669
1.276322
1.302284
1.320126
1.317744
1.313811
1.319686
1.307062
1.310714
1.306588
1.289315
1.288290
1.291366
1.287600
1.295314
1.301212
1.309502
1.302676
1.297531
1.289953
1.289461
1.285088
1.282951
1.285771
1.289835
1.284290
1.258913
1.259091
1.262682
1.259899
1.254014
1.260959
1.290726
1.294486
1.290810
1.300973
1.296818
1.286746
1.289670
1.326722
1.359577
1.335307
1.329887
1.338867
1.332315
1.335461
1.337803
1.337448
1.336497
1.340759
1.346962
1.351503
1.350778
1.356749
1.365106
1.363581
1.355446
1.355662
1.354759
1.349273
1.344239
1.345791
1.348956
1.343408
1.339518
1.338007
1.336813
1.336193
1.337042
1.335932
1.336935
1.337761
1.336601
1.337368
1.338115
1.339814
1.342524
1.342781
1.342635
1.336962
1.336044
1.328477
1.328942
1.332533
1.328330
1.335422
1.331842
1.328145
1.327463
1.327057
1.325092
1.330353
1.331119
1.330553
1.329511
1.329398
1.328922
1.333714
1.341927
1.339900
1.330477
1.308728
1.300549
1.278640
1.268037
1.271706
1.297925
1.299886
1.310691
1.319808
1.344213
1.350493
1.370734
1.364325
1.360219
1.329069
1.317173
1.297209
1.286815
1.282832
1.282331
1.285236
1.279133
1.281331
1.282258
1.267254
1.264186
1.260436
1.253821
1.256647
1.259045
1.251889
1.258237
1.260832
1.270346
1.263472
1.254264
1.254024
1.251461
1.239315
1.242979
1.238422
1.231638
1.225381
1.228004
1.222982
1.225286
1.209975
1.202763
1.206158
1.201136
1.203694
1.206429
1.214037
1.193419
1.182949
1.192153
1.193058
1.190475
1.183559
1.186985
1.194556
1.187330
1.186911
1.186994
1.178919
1.179167
1.172549
1.171416
1.174081
1.176601
1.183747
1.183391
1.183994
1.186762
1.189461
1.171417
1.174851
1.172731
1.184382
1.187193
1.176570
1.174793
1.184390
1.177593
1.174213
1.165882
1.168880
1.174473
1.175575
1.177391
1.170550
1.175033
1.169128
1.159252
1.164770
1.166645
1.160554
1.156752
1.158361
1.149056
1.142667
1.146181
1.153244
1.154171
1.142871
1.138521
