1.333383
1.331478
1.331834
1.332493
1.329720
1.329198
1.328620
1.331487
1.330901
1.331103
1.330029
1.329655
1.331307
1.331669
1.331793
1.332520
1.332682
1.332954
1.332619
1.332963
1.333340
1.333760
1.333749
1.333832
1.333621
1.333747
1.333815
1.333690
1.333040
1.333868
1.332675
1.333755
1.334483
1.335257
1.332972
1.332752
1.332438
1.333038
1.333098
1.333655
1.333713
1.333545
1.333194
1.333084
1.333102
1.331857
1.322458
1.286818
1.321863
1.277779
1.275387
1.289936
1.294194
1.272884
1.257391
1.243320
1.235543
1.228434
1.211858
1.203703
1.194360
1.192394
1.163847
1.179139
1.188935
1.183818
1.185976
1.188425
1.206881
1.232961
1.330313
1.329107
1.333021
1.332240
1.332281
1.322550
1.332486
1.332343
1.331142
1.331525
1.326171
1.326177
1.330455
1.330732
1.332825
1.332914
1.333157
1.333066
1.332736
1.332496
1.332616
1.333514
1.331038
1.323229
1.321521
1.318933
1.325454
1.311825
1.331264
1.332845
1.332414
1.332046
1.323646
1.330006
1.328045
1.326496
1.316971
1.320997
1.310812
1.300338
1.324295
1.330848
1.330440
1.328813
1.334624
1.336546
1.334908
1.338065
1.340897
1.340570
1.339826
1.341951
1.345818
1.347118
1.340599
1.340047
1.339929
1.339924
1.337071
1.340383
1.350259
1.345511
1.339461
1.340465
1.337944
1.342050
1.357814
1.349677
1.354153
1.359324
1.358748
1.363343
1.365881
1.365823
1.366217
1.367022
1.362167
1.363304
1.363605
1.363541
1.366288
1.370431
1.371627
1.379467
1.373396
1.374561
1.373508
1.367785
1.370431
1.371003
1.367589
1.364998
1.362721
1.369282
1.371829
1.367333
1.365378
1.369122
1.335989
1.323452
1.328502
1.288266
1.279057
1.291595
1.307487
1.302560
1.292018
1.287473
1.284935
1.278803
1.278800
1.362910
1.359704
1.345781
1.333029
1.328947
1.327341
1.331407
1.332086
1.327776
1.320064
1.327777
1.324137
1.318173
1.308493
1.304775
1.299634
1.302034
1.312304
1.319189
1.272366
1.286980
1.303807
1.294360
1.298707
1.290236
1.282061
1.325634
1.323840
1.317359
1.325232
1.329908
1.321064
1.315294
1.310722
1.313900
1.320264
1.322277
1.304424
1.299699
1.302579
1.298688
1.289444
1.288875
1.289821
1.296924
1.297610
1.295850
1.300995
1.298859
1.295096
1.279548
1.292167
1.301910
1.309298
1.300837
1.295291
1.291134
1.287484
1.285871
1.288722
1.281785
1.269787
1.277443
1.294338
1.267130
1.260623
1.257186
1.255684
1.242188
1.242946
1.245960
1.243017
1.241359
1.246815
1.241728
1.294743
1.304691
1.306295
1.305952
1.302977
1.295339
1.299455
1.312703
1.325663
1.339482
1.344930
1.345523
1.344005
1.349583
1.354908
1.351731
1.345580
1.340300
1.338583
