1.333914
1.325836
1.331891
1.332808
1.331337
1.330553
1.325869
1.330631
1.330954
1.331892
1.332179
1.331561
1.333034
1.333644
1.333763
1.333625
1.333224
1.333305
1.332673
1.332459
1.333608
1.335892
1.336630
1.368637
1.390350
1.425774
1.391584
1.389238
1.405330
1.433787
1.443530
1.457232
1.445997
1.443325
1.427667
1.427519
1.432935
1.412031
1.402706
1.401810
1.403002
1.398466
1.379897
1.378779
1.401510
1.416968
1.415826
1.417884
1.423406
1.429667
1.437024
1.440163
1.427688
1.428421
1.426408
1.432664
1.424758
1.414732
1.402780
1.403792
1.408298
1.417240
1.416365
1.414153
1.415129
1.414066
1.415597
1.409572
1.410240
1.405501
1.406126
1.410536
1.406719
1.405053
1.394844
1.407673
1.406481
1.400688
1.382071
1.408913
1.416128
1.422981
1.407501
1.404092
1.437347
1.430573
1.434139
1.408462
1.391770
1.390825
1.319028
1.286496
1.319297
1.327314
1.339029
1.381151
1.390239
1.365057
1.364089
1.359187
1.364533
1.358737
1.363749
1.366800
1.373483
1.366168
1.364733
1.366079
1.364469
1.353089
1.333965
1.330936
1.317865
1.321457
1.320315
1.318925
1.315649
1.304790
1.298253
1.402157
1.399307
1.403112
1.404429
1.326486
1.399406
1.338078
1.333080
1.329962
1.390368
1.409312
1.414548
1.285429
1.292910
1.277646
1.307685
1.304569
1.314401
1.296135
1.321800
1.279386
1.285121
1.280604
1.266163
1.271518
1.290521
1.299650
1.318903
1.320426
1.320794
1.310954
1.296429
1.298165
1.303186
1.297804
1.301024
1.325926
1.332466
1.337866
1.342794
1.338596
1.331151
1.326116
1.315264
1.306425
1.304674
1.293503
1.289148
1.282675
1.310021
1.289569
1.321766
1.355971
1.350275
1.327169
1.327813
1.337086
1.347580
1.349323
1.342699
1.339915
1.340030
1.339804
1.339335
1.336345
1.328535
1.333562
1.330118
1.323651
1.318347
1.311666
1.308144
1.309345
1.317580
1.307688
1.325659
1.322696
1.315803
1.326975
1.329441
1.336084
1.344364
1.339057
1.339367
1.336061
1.322633
1.331937
1.342592
1.333029
1.335042
1.336914
1.346405
1.349532
1.349484
1.313275
1.304633
1.351789
1.311350
1.314370
1.339104
1.344810
1.363274
1.358772
1.354638
1.350202
1.352438
1.354150
1.307815
1.335708
1.356563
1.349065
1.348417
1.359459
1.354014
1.350489
1.352209
1.372535
1.367684
1.354337
1.349808
1.361612
1.347126
1.338765
1.348780
1.328439
1.333519
1.337029
1.336988
1.330026
1.334361
1.330218
1.297696
1.296358
1.278443
1.293309
1.300308
1.306478
1.326062
1.317450
1.305425
1.325573
1.324790
1.324834
1.323393
1.321832
1.382032
1.383683
1.380779
1.378360
1.332218
1.330206
1.327611
1.325898
1.325458
1.321128
1.312746
