1.333538
1.321316
1.327394
1.339868
1.331971
1.326866
1.337337
1.341000
1.342544
1.334859
1.336325
1.335929
1.337785
1.339913
1.341376
1.339701
1.335879
1.334281
1.334507
1.334879
1.335944
1.335800
1.335209
1.336090
1.336032
1.341458
1.338431
1.345740
1.349950
1.348720
1.347987
1.346317
1.348401
1.358412
1.351514
1.350646
1.352171
1.348041
1.351043
1.344360
1.349380
1.339800
1.327667
1.313930
1.309518
1.298154
1.301198
1.299503
1.296279
1.281462
1.266673
1.265007
1.273504
1.282331
1.286236
1.289120
1.272102
1.265964
1.258270
1.269856
1.277249
1.271073
1.254049
1.292044
1.265296
1.227149
1.281054
1.285104
1.290668
1.295244
1.293961
1.290904
1.353898
1.367645
1.354812
1.342256
1.354574
1.346076
1.357936
1.329457
1.324147
1.349696
1.337383
1.353234
1.363311
1.363610
1.331747
1.329761
1.357976
1.352552
1.335247
1.334964
1.336017
1.327867
1.322247
1.321453
1.323103
1.324541
1.324276
1.320675
1.329502
1.324494
1.336848
1.317200
1.312306
1.335599
1.325863
1.303366
1.301083
1.297740
1.306127
1.307751
1.313732
1.322539
1.329081
1.323755
1.330166
1.333936
1.345496
1.329326
1.329671
1.326546
1.325892
1.324873
1.323577
1.317773
1.316701
1.315702
1.313608
1.303641
1.304987
1.313419
1.317170
1.320335
1.324265
1.320517
1.331060
1.350087
1.349641
1.330709
1.355735
1.357691
1.367266
1.380392
1.385918
1.388619
1.361216
1.396806
1.388957
1.374277
1.379621
1.387768
1.421239
1.433350
1.398296
1.394656
1.384992
1.386542
1.386300
1.372557
1.377308
1.356403
1.362577
1.363919
1.367736
1.361697
1.369720
1.364746
1.349369
1.361681
1.363315
1.325359
1.290828
1.306485
1.309594
1.308600
1.326024
1.331003
1.336554
1.335108
1.334687
1.325350
1.324457
1.313466
1.299561
1.298166
1.305916
1.304470
1.300068
1.308622
1.311473
1.318486
1.315632
1.301678
1.299822
1.311835
1.299252
1.290482
1.268290
1.283474
1.279570
1.266156
1.288305
1.285991
1.276821
1.276029
1.269699
1.269852
1.276131
1.288635
1.278307
1.275304
1.268159
1.277213
1.290770
1.298408
1.298003
1.319379
1.306644
1.314452
1.328068
1.340231
1.328728
1.323553
1.335475
1.331779
1.308909
1.290571
1.298145
1.313440
1.299157
1.300778
1.287159
1.276499
1.279294
1.275549
1.277601
1.271861
1.271382
1.267275
1.269771
1.276913
1.286638
1.295820
1.290536
1.295019
1.287845
1.295479
1.290709
1.294985
1.300707
1.292189
1.291182
1.284050
1.274924
1.268040
1.265755
1.258567
1.255200
1.255231
1.253548
1.253454
1.252390
1.240857
1.253449
1.254063
1.252494
1.252944
1.261463
1.264495
1.265672
1.265638
1.268803
1.267027
1.270995
