1.333684
1.333790
1.333646
1.331667
1.333257
1.333498
1.333622
1.333590
1.334209
1.333295
1.333742
1.334152
1.334277
1.334137
1.334211
1.334369
1.334550
1.334407
1.334368
1.334606
1.334189
1.334373
1.334768
1.334255
1.334359
1.334553
1.334106
1.333628
1.329256
1.331106
1.331742
1.330946
1.325454
1.329385
1.327620
1.329604
1.332979
1.332862
1.330995
1.329877
1.329123
1.351692
1.341276
1.327257
1.323411
1.328008
1.323395
1.314787
1.311059
1.369121
1.336649
1.353889
1.363328
1.373271
1.366297
1.367339
1.363555
1.357356
1.366385
1.371310
1.378751
1.379092
1.354792
1.348454
1.351872
1.347812
1.359133
1.360786
1.359974
1.363465
1.358478
1.363463
1.394358
1.396983
1.423227
1.446905
1.410010
1.313143
1.313589
1.331906
1.366421
1.380125
1.395136
1.413088
1.441588
1.446945
1.443432
1.433788
1.430260
1.430671
1.437777
1.442535
1.463937
1.476419
1.460112
1.461561
1.469884
1.457170
1.446226
1.451629
1.433644
1.433063
1.436657
1.470733
1.468883
1.484227
1.466912
1.442902
1.436861
1.429739
1.419120
1.413973
1.412429
1.431299
1.432849
1.429934
1.444428
1.445530
1.451328
1.463772
1.466533
1.452145
1.449815
1.450805
1.449566
1.444725
1.435076
1.429067
1.434886
1.438655
1.435555
1.436879
1.436246
1.435450
1.444700
1.444638
1.479605
1.476238
1.474089
1.481114
1.490431
1.487213
1.492023
1.474942
1.470803
1.473038
1.473781
1.468780
1.474610
1.476471
1.503515
1.512473
1.534334
1.541936
1.558465
1.556719
1.557849
1.555764
1.553780
1.554479
1.553427
1.477982
1.569446
1.577874
1.577527
1.591267
1.584640
1.476967
1.583729
1.452275
1.445922
1.585760
1.572734
1.568363
1.568114
1.567892
1.444044
1.569879
1.570173
1.549770
1.540672
1.539052
1.538622
1.534194
1.389985
1.398324
1.401527
1.395232
1.460503
1.395605
1.396913
1.391179
1.389217
1.385192
1.384717
1.388542
1.377189
1.361465
1.356657
1.354673
1.354574
1.355665
1.365435
1.355050
1.358794
1.347087
1.354109
1.397975
1.398407
1.420315
1.428028
1.434370
1.428402
1.471452
1.528588
1.519696
1.518767
1.509816
1.503495
1.478918
1.477386
1.479671
1.481083
1.456265
1.459626
1.456556
1.428788
1.408251
1.394057
1.392957
1.394424
1.396438
1.386178
1.522353
1.532499
1.514655
1.534982
1.573458
1.567810
1.570198
1.593710
1.592448
1.485890
1.442473
1.455552
1.469416
1.445543
1.445908
1.472624
1.488825
1.506867
1.497958
1.495689
1.484395
1.512246
1.510983
1.512128
1.531918
1.515214
1.507395
1.497521
1.493444
1.490020
1.489405
1.477209
1.476109
1.468684
1.462332
1.459742
1.464759
1.460593
1.459699
1.468680
1.469354
1.477300
