1.334197
1.334236
1.334667
1.334255
1.334335
1.333944
1.332766
1.333268
1.333120
1.331603
1.330731
1.331329
1.277245
1.270178
1.280412
1.323403
1.356601
1.359144
1.362719
1.359052
1.349889
1.335364
1.322507
1.329652
1.325080
1.326055
1.320671
1.323104
1.308382
1.317143
1.323075
1.310233
1.306359
1.296807
1.316364
1.332193
1.322501
1.310681
1.317850
1.311230
1.307360
1.295285
1.301632
1.310238
1.316640
1.304670
1.298603
1.299727
1.302045
1.303462
1.307538
1.308371
1.309800
1.302021
1.311870
1.317435
1.317578
1.319217
1.322935
1.326298
1.338233
1.343158
1.345164
1.349843
1.353452
1.348669
1.352481
1.355620
1.355226
1.347845
1.334433
1.327859
1.330688
1.331132
1.330523
1.337207
1.339596
1.333358
1.319991
1.314118
1.315814
1.318347
1.320811
1.322850
1.315354
1.311866
1.312000
1.318630
1.320875
1.316254
1.317663
1.325334
1.337409
1.328035
1.330264
1.333319
1.331582
1.343469
1.350846
1.349539
1.346029
1.340353
1.332848
1.333260
1.329767
1.323001
1.321369
1.318745
1.324323
1.327141
1.329394
1.346167
1.350677
1.358215
1.360587
1.360225
1.363395
1.358604
1.358747
1.358480
1.352709
1.346913
1.347180
1.352527
1.356099
1.357377
1.359152
1.361487
1.360189
1.352903
1.360177
1.362247
1.363990
1.360610
1.362534
1.353264
1.349603
1.344588
1.337126
1.337026
1.338496
1.332844
1.328106
1.328279
1.336611
1.339011
1.335121
1.332328
1.325523
1.325327
1.328251
1.333136
1.339293
1.342107
1.344421
1.343387
1.345559
1.339301
1.336055
1.336031
1.338833
1.337116
1.340840
1.341475
1.343714
1.342974
1.340639
1.346133
1.340928
1.346953
1.351021
1.347218
1.344795
1.344494
1.342555
1.343986
1.343241
1.351989
1.350740
1.350602
1.346327
1.349350
1.356741
1.352440
1.357955
1.358125
1.351498
1.345362
1.346149
1.348804
1.351577
1.355059
1.352177
1.362745
1.357910
1.351836
1.351185
1.352814
1.360659
1.358532
1.359836
1.361156
1.360407
1.362391
1.359904
1.364577
1.370142
1.364826
1.365693
1.367972
1.370707
1.364529
1.370159
1.367370
1.368657
1.359387
1.332945
1.330856
1.363467
1.334372
1.356554
1.344365
1.353200
1.340148
1.341927
1.345921
1.341777
1.346918
1.351503
1.317588
1.307590
1.305761
1.357211
1.357036
1.357155
1.360446
1.353976
1.348641
1.335346
1.343512
1.344660
1.341530
1.342095
1.346846
1.356693
1.362122
1.371708
1.329204
1.377738
1.376933
1.381611
1.367041
1.363978
1.351246
1.341918
1.341146
1.344294
1.340166
1.344416
1.343109
1.345262
1.351522
1.348288
1.344778
1.341086
1.343189
1.339827
1.339067
1.342731
1.343740
1.343046
1.345151
1.350863
1.350631
1.346123
