1.333550
1.333187
1.333291
1.333333
1.333012
1.333365
1.333406
1.333139
1.333058
1.333406
1.333511
1.333389
1.333691
1.333306
1.330813
1.337998
1.336362
1.335749
1.335227
1.336886
1.336002
1.336846
1.337262
1.367440
1.359198
1.346717
1.350158
1.345772
1.355270
1.348340
1.352847
1.362059
1.356891
1.381259
1.382260
1.443259
1.468162
1.481609
1.495523
1.520350
1.554339
1.544621
1.545265
1.549713
1.548740
1.547923
1.563577
1.557210
1.550605
1.545150
1.523917
1.514704
1.522187
1.518305
1.516713
1.520489
1.521941
1.522382
1.519815
1.527036
1.518046
1.521626
1.519346
1.509792
1.486590
1.462393
1.453503
1.451564
1.455475
1.468112
1.475039
1.478222
1.482248
1.499449
1.489796
1.487843
1.503196
1.517001
1.504030
1.503873
1.481434
1.485902
1.496127
1.504891
1.500941
1.503721
1.503765
1.499683
1.478516
1.473154
1.478814
1.477433
1.479635
1.477016
1.472635
1.470213
1.461848
1.453483
1.457402
1.456011
1.467911
1.463918
1.460637
1.460828
1.467688
1.461129
1.447025
1.446946
1.454692
1.456925
1.465449
1.476678
1.474101
1.469782
1.476714
1.479498
1.476892
1.476772
1.486472
1.476899
1.471440
1.467970
1.464840
1.454182
1.463448
1.445138
1.444547
1.454219
1.459544
1.464427
1.450863
1.439930
1.446711
1.451333
1.445531
1.437824
1.439158
1.444625
1.449954
1.457555
1.460510
1.458938
1.449348
1.440861
1.435412
1.442492
1.438271
1.439413
1.433628
1.431628
1.432291
1.442380
1.455053
1.457409
1.454411
1.456930
1.448745
1.445396
1.446575
1.446580
1.445059
1.458533
1.454701
1.460607
1.459164
1.467768
1.471372
1.474884
1.480898
1.481801
1.484487
1.487239
1.481705
1.478928
1.350600
1.335008
1.323096
1.343542
1.338248
1.357874
1.410775
1.405407
1.467030
1.476187
1.463178
1.466218
1.449240
1.421412
1.420789
1.413527
1.425642
1.417912
1.422477
1.417894
1.424080
1.432020
1.430321
1.438669
1.447655
1.455248
1.442450
1.449321
1.431872
1.431177
1.414819
1.434398
1.413697
1.410516
1.408286
1.401296
1.397329
1.405969
1.402689
1.413740
1.418843
1.417084
1.423276
1.424394
1.433357
1.433200
1.435642
1.415211
1.424787
1.395796
1.408706
1.414110
1.411220
1.412001
1.422101
1.411090
1.401460
1.397017
1.398726
1.402018
1.396099
1.382008
1.376685
1.364592
1.370367
1.374040
1.386388
1.384536
1.409644
1.406358
1.386069
1.392187
1.395060
1.414800
1.400654
1.406547
1.396957
1.395298
1.396092
1.372109
1.361398
1.348206
1.312844
1.322606
1.314842
1.304789
1.320188
1.317410
1.315198
1.318824
1.310221
1.313454
1.323033
1.313525
1.304230
1.311437
1.329296
1.340703
1.309245
1.309146
1.327490
