1.333600
1.333201
1.333242
1.333314
1.332991
1.333440
1.333388
1.333048
1.332984
1.333463
1.333503
1.333512
1.333680
1.333620
1.331264
1.335098
1.334438
1.334288
1.334225
1.334106
1.333974
1.334822
1.335041
1.326126
1.330980
1.329825
1.331305
1.331450
1.331610
1.330194
1.329844
1.329227
1.328585
1.330944
1.330682
1.332857
1.324158
1.327063
1.321095
1.306337
1.316398
1.314540
1.305153
1.307677
1.307234
1.303149
1.311427
1.312894
1.317214
1.318003
1.322747
1.325272
1.322601
1.324180
1.318572
1.305302
1.362815
1.325689
1.329821
1.326757
1.319584
1.324411
1.321927
1.319295
1.321713
1.321840
1.320175
1.320442
1.321234
1.322520
1.325784
1.326277
1.325681
1.324343
1.328443
1.343558
1.336218
1.342387
1.295959
1.360063
1.349543
1.354452
1.340050
1.321366
1.309538
1.308040
1.311080
1.314227
1.350574
1.388289
1.373933
1.381967
1.379679
1.386188
1.387002
1.381419
1.331447
1.331802
1.333507
1.330435
1.329088
1.326844
1.327979
1.372902
1.369390
1.321017
1.372398
1.368381
1.371282
1.369617
1.336487
1.393671
1.319839
1.318431
1.321618
1.323399
1.356333
1.394111
1.385939
1.398269
1.380665
1.350085
1.294064
1.314078
1.329801
1.306536
1.323947
1.309227
1.305800
1.338800
1.370511
1.361411
1.341987
1.320718
1.315196
1.292443
1.289463
1.298960
1.320809
1.320484
1.341085
1.358006
1.354334
1.354082
1.361037
1.356919
1.353766
1.359519
1.356424
1.355700
1.361642
1.368152
1.386724
1.395003
1.379602
1.363429
1.361961
1.354587
1.348206
1.346416
1.357933
1.371842
1.378946
1.386806
1.378659
1.362820
1.354313
1.358806
1.363019
1.377194
1.386971
1.388418
1.377937
1.372079
1.380484
1.384261
1.385749
1.382873
1.373562
1.383671
1.392710
1.397354
1.390692
1.374354
1.372104
1.379745
1.382806
1.377489
1.375163
1.376621
1.370789
1.375364
1.380675
1.383057
1.390447
1.385571
1.381675
1.383216
1.393179
1.395324
1.398869
1.384792
1.376734
1.383359
1.395986
1.394119
1.395162
1.395725
1.388651
1.397974
1.393306
1.383004
1.367852
1.373785
1.387293
1.396100
1.294633
1.347912
1.382118
1.393544
1.398230
1.398721
1.392118
1.394333
1.396650
1.404091
1.394481
1.394556
1.396487
1.387893
1.385256
1.383714
1.385431
1.373662
1.360321
1.360741
1.364558
1.342647
1.345653
1.343352
1.330860
1.323283
1.322428
1.337875
1.339426
1.331696
1.329774
1.320556
1.324541
1.324151
1.322658
1.320350
1.312664
1.314326
1.314117
1.315615
1.320427
1.303841
1.298169
1.333927
1.335079
1.341184
1.356720
1.326014
1.308544
1.303842
1.307047
1.312803
1.316708
1.322156
1.324422
1.322163
1.331872
1.336596
1.343982
