1.333730
1.332971
1.332811
1.332837
1.332602
1.332766
1.333217
1.332987
1.332963
1.333107
1.333243
1.333197
1.333378
1.333262
1.332577
1.333419
1.333580
1.333403
1.333301
1.333268
1.333010
1.333218
1.455766
1.430622
1.359921
1.362836
1.385972
1.412490
1.401606
1.368269
1.373603
1.349267
1.356537
1.332016
1.330144
1.328358
1.332338
1.342716
1.341401
1.322601
1.319085
1.314919
1.313125
1.329814
1.341176
1.354649
1.361385
1.345974
1.325287
1.319257
1.324827
1.315220
1.311647
1.325895
1.342406
1.350741
1.347697
1.353659
1.351832
1.358507
1.368506
1.385903
1.393977
1.394599
1.394671
1.399029
1.400861
1.395619
1.384462
1.389201
1.399016
1.397235
1.383969
1.377451
1.373867
1.372742
1.378482
1.376530
1.365733
1.356970
1.349459
1.350177
1.349483
1.350999
1.354012
1.358680
1.368890
1.375584
1.372811
1.369004
1.369149
1.368857
1.368599
1.361654
1.362192
1.361778
1.357506
1.352896
1.351962
1.355655
1.349882
1.333992
1.345366
1.348723
1.347463
1.347356
1.342152
1.346735
1.343254
1.340621
1.340662
1.340114
1.342335
1.340370
1.338411
1.345285
1.350122
1.346101
1.348078
1.352682
1.358519
1.348286
1.351785
1.355450
1.360883
1.353654
1.349063
1.346278
1.350557
1.358312
1.356718
1.354575
1.361183
1.371890
1.367711
1.365656
1.357760
1.364410
1.378658
1.381884
1.383795
1.386349
1.391874
1.380293
1.381345
1.371063
1.379531
1.383001
1.379880
1.377105
1.378073
1.377221
1.373863
1.380457
1.382578
1.381978
1.376298
1.371752
1.378783
1.369912
1.371119
1.373426
1.377040
1.378148
1.381432
1.383957
1.383900
1.385010
1.385134
1.387749
1.386771
1.392388
1.392811
1.396134
1.391426
1.388559
1.378408
1.382284
1.378617
1.374322
1.378307
1.383039
1.382117
1.381693
1.378072
1.378533
1.379924
1.382750
1.381756
1.381340
1.388497
1.387682
1.382321
1.380943
1.380423
1.379117
1.382692
1.384416
1.385915
1.389624
1.386932
1.387770
1.385315
1.390105
1.395981
1.394575
1.392287
1.386082
1.379656
1.390099
1.389668
1.400367
1.405930
1.399643
1.397998
1.392590
1.400068
1.400123
1.401795
1.414970
1.441560
1.415004
1.337754
1.339260
1.374891
1.369230
1.366364
1.364362
1.361564
1.387262
1.394148
1.411299
1.406935
1.407807
1.398197
1.396506
1.394721
1.390434
1.359288
1.352411
1.356285
1.386435
1.388657
1.396519
1.392834
1.394547
1.398431
1.400256
1.396954
1.395507
1.395247
1.397317
1.362239
1.401031
1.405141
1.394361
1.391306
1.402525
1.403406
1.404308
1.414927
1.418320
1.370081
1.402378
1.409582
1.415583
1.396112
1.385057
1.391359
1.409419
1.411545
1.413209
1.415861
1.416130
1.417069
