1.334494
1.334654
1.335484
1.341927
1.335618
1.334512
1.334858
1.335076
1.335040
1.335608
1.335035
1.334948
1.334900
1.335399
1.334917
1.334610
1.334228
1.334328
1.334281
1.334234
1.334329
1.334095
1.334317
1.334234
1.334086
1.334112
1.334151
1.334267
1.334137
1.334289
1.337236
1.333932
1.333329
1.333416
1.334919
1.338009
1.336428
1.335675
1.334335
1.334312
1.334005
1.334009
1.333963
1.333946
1.333771
1.333803
1.333764
1.333696
1.333516
1.333657
1.333651
1.333764
1.333776
1.333786
1.333743
1.333684
1.333693
1.333483
1.333507
1.333584
1.333643
1.333565
1.333525
1.333426
1.333479
1.333694
1.333546
1.333462
1.333504
1.333456
1.333471
1.333548
1.333666
1.334191
1.333314
1.333632
1.333520
1.333657
1.333840
1.334374
1.334689
1.334406
1.333756
1.333762
1.334320
1.334063
1.334312
1.334718
1.334855
1.334596
1.337648
1.362976
1.334879
1.336008
1.335827
1.336379
1.336228
1.335955
1.327423
1.332342
1.334544
1.334673
1.335970
1.336823
1.336313
1.334870
1.335716
1.335253
1.335653
1.335094
1.334996
1.335865
1.335808
1.335239
1.335437
1.334551
1.334351
1.334473
1.333974
1.333505
1.333789
1.334000
1.334076
1.334036
1.333678
1.333571
1.333494
1.333599
1.333364
1.331933
1.332196
1.332214
1.332955
1.332883
1.333249
1.333213
1.333024
1.332945
1.333108
1.333082
1.333496
1.333712
1.333988
1.334194
1.334117
1.334008
1.334053
1.334153
1.334365
1.334222
1.334284
1.334344
1.334332
1.334252
1.333909
1.334394
1.332148
1.334193
1.334247
1.333980
1.333704
1.333630
1.333691
1.333733
1.333511
1.333308
1.333504
1.333368
1.333403
1.333368
1.333416
1.333503
1.333399
1.333113
1.332931
1.332830
1.331973
1.332096
1.332165
1.332229
1.331935
1.332347
1.332650
1.332761
1.332923
1.332721
1.332628
1.332467
1.332407
1.332752
1.332693
1.332342
1.332168
1.332655
1.332364
1.332853
1.332848
1.332420
1.332409
1.332210
1.331013
1.331649
1.331396
1.331241
1.331174
1.331813
1.331576
1.332275
1.332111
1.332391
1.332362
1.332624
1.332760
1.333010
1.333041
1.333385
1.332871
1.333318
1.333208
1.332570
1.331810
1.332265
1.331907
1.332337
1.332612
1.332693
1.332754
1.332674
1.332709
1.332652
1.332482
1.332605
1.332663
1.332841
1.332913
1.332848
1.332555
1.332716
1.333002
1.332974
1.332879
1.332725
1.332776
1.332815
1.332875
1.332741
1.332783
1.332837
1.332818
1.332804
1.332831
1.332823
1.332852
1.332864
1.332541
1.332652
1.332709
1.332938
1.332885
1.332696
1.332653
1.332792
1.332769
1.332867
1.332793
1.332677
1.332631
1.332471
1.332403
1.332167
1.332139
1.332185
1.332213
1.332187
1.332220
