1.334554
1.334537
1.331065
1.336680
1.335128
1.334506
1.334642
1.334635
1.334683
1.335470
1.334603
1.334450
1.334455
1.334924
1.334537
1.334266
1.333926
1.334127
1.334069
1.334074
1.334168
1.334007
1.334261
1.334234
1.334019
1.333999
1.333883
1.333888
1.333500
1.333442
1.333507
1.333161
1.332871
1.332590
1.333784
1.334140
1.334388
1.334144
1.334118
1.333937
1.333808
1.333840
1.333641
1.333697
1.333350
1.333053
1.333468
1.333230
1.332115
1.333429
1.333240
1.333524
1.333556
1.333606
1.334156
1.333538
1.333470
1.333225
1.333056
1.333298
1.333345
1.333302
1.333208
1.333147
1.333877
1.364618
1.332558
1.332694
1.332846
1.331195
1.332039
1.332923
1.310409
1.335025
1.349141
1.352321
1.353091
1.365565
1.368066
1.358013
1.351509
1.352764
1.346791
1.331130
1.336817
1.338770
1.354074
1.366110
1.368331
1.382515
1.394607
1.379697
1.376754
1.369150
1.367140
1.369310
1.379778
1.381751
1.375088
1.370681
1.369908
1.368896
1.370368
1.369816
1.367214
1.362442
1.355864
1.360606
1.342316
1.382277
1.374493
1.404530
1.402661
1.416239
1.400421
1.411309
1.399504
1.382714
1.363011
1.354120
1.356621
1.354958
1.350723
1.347843
1.337461
1.325550
1.316102
1.310417
1.303582
1.307490
1.303136
1.290685
1.374832
1.382292
1.367395
1.373155
1.355188
1.294690
1.301394
1.310142
1.314624
1.319283
1.318182
1.327067
1.315377
1.315043
1.322128
1.348215
1.343689
1.338078
1.347134
1.338887
1.345586
1.353159
1.346750
1.352452
1.350584
1.356896
1.358134
1.354164
1.347852
1.354808
1.348770
1.329886
1.302725
1.268999
1.256756
1.243465
1.236654
1.247035
1.262424
1.273130
1.286373
1.287813
1.279837
1.276950
1.281149
1.279341
1.285304
1.285058
1.290329
1.299347
1.303811
1.312907
1.312789
1.318966
1.322301
1.325498
1.336988
1.341647
1.341366
1.333782
1.332536
1.320921
1.303517
1.299364
1.338587
1.320835
1.305778
1.299288
1.292597
1.291845
1.314009
1.285692
1.292777
1.295854
1.284940
1.285013
1.300836
1.325101
1.338155
1.364182
1.398408
1.405126
1.411736
1.427007
1.442603
1.461647
1.449627
1.370385
1.372951
1.366211
1.368490
1.365977
1.384688
1.380817
1.388142
1.373456
1.377124
1.376120
1.366933
1.379204
1.401735
1.423759
1.425841
1.431650
1.440138
1.446846
1.456598
1.447596
1.438415
1.433431
1.434733
1.425129
1.422636
1.428562
1.442642
1.457837
1.453932
1.444826
1.440139
1.437381
1.426860
1.420841
1.418607
1.408629
1.410325
1.417802
1.416961
1.422219
1.421989
1.417907
1.411719
1.408829
1.406314
1.417994
1.419191
1.421676
1.424159
1.408408
1.415398
1.417443
1.430958
1.433274
1.430193
