1.334542
1.334564
1.333278
1.336382
1.335306
1.334647
1.335046
1.335015
1.334863
1.335257
1.334736
1.334632
1.334615
1.335084
1.334832
1.334408
1.334153
1.334338
1.334179
1.334137
1.334209
1.334107
1.334725
1.334335
1.334117
1.334163
1.333784
1.333875
1.333052
1.332058
1.333852
1.332139
1.328348
1.324385
1.346982
1.344153
1.327171
1.317940
1.334060
1.327690
1.330681
1.334362
1.336678
1.336209
1.331821
1.337729
1.341464
1.341367
1.341716
1.339202
1.338364
1.338078
1.340106
1.339678
1.341088
1.338803
1.336094
1.334834
1.335595
1.336382
1.336819
1.335839
1.333530
1.331621
1.332946
1.333650
1.284102
1.291891
1.296490
1.277829
1.244982
1.249771
1.247011
1.246525
1.250230
1.267533
1.335349
1.293021
1.281302
1.270176
1.279827
1.282470
1.294335
1.292786
1.289258
1.293181
1.304483
1.307699
1.309202
1.308837
1.315966
1.310550
1.298348
1.302720
1.296391
1.288391
1.291563
1.307053
1.309011
1.303183
1.313586
1.326851
1.324619
1.326634
1.334974
1.334222
1.335583
1.336214
1.345746
1.341298
1.345843
1.344567
1.356944
1.380294
1.358389
1.342545
1.320859
1.315481
1.307318
1.306175
1.307209
1.309096
1.303358
1.319301
1.323906
1.313995
1.303756
1.295111
1.297199
1.299296
1.295320
1.290118
1.290547
1.294232
1.301338
1.307699
1.307676
1.309744
1.311251
1.306010
1.306355
1.307944
1.310681
1.315704
1.313723
1.318830
1.323860
1.333865
1.331463
1.326243
1.333799
1.328277
1.328544
1.334282
1.325541
1.324096
1.320447
1.316932
1.315793
1.314900
1.315301
1.308001
1.309916
1.311250
1.308623
1.306042
1.337933
1.304183
1.331890
1.324157
1.323050
1.352328
1.346766
1.347165
1.323494
1.308289
1.318054
1.330925
1.341884
1.343113
1.344404
1.338637
1.338554
1.358312
1.364071
1.375704
1.373450
1.351337
1.346225
1.346563
1.347459
1.329590
1.330989
1.314975
1.299916
1.297760
1.296499
1.296072
1.296843
1.294972
1.282081
1.284401
1.284313
1.276607
1.274481
1.274042
1.270435
1.264056
1.258212
1.261708
1.257537
1.256016
1.258382
1.250131
1.247971
1.245141
1.254872
1.261066
1.255923
1.252011
1.247652
1.248696
1.251068
1.250348
1.252897
1.255120
1.252159
1.256501
1.262001
1.266454
1.267630
1.270600
1.271748
1.275190
1.276834
1.272775
1.272851
1.283734
1.284418
1.287254
1.291359
1.290903
1.288779
1.288672
1.285147
1.288203
1.291207
1.296750
1.298786
1.294317
1.292713
1.297785
1.293418
1.290187
1.293879
1.289753
1.298852
1.329805
1.311122
1.285661
1.309664
1.321019
1.319373
1.322787
1.321724
1.325087
1.316499
1.310971
1.305325
1.294486
1.286670
1.291111
1.298246
1.289605
1.276868
